0 0.240625 0.039062500000000014 0.034375 0.0390625 0.034375 0.12187500000000002 0.240625 0.12187500000000004
0 0.18906250000000005 0.2375 0.03437500000000003 0.2375 0.03437500000000003 0.2921875 0.18906250000000005 0.2921875
0 0.3328125 0.2265625 0.19062500000000004 0.2265625 0.19062500000000004 0.2984375 0.3328125 0.2984375
0 0.4171875 0.22968750000000004 0.3296875 0.2296875 0.3296875 0.30781250000000004 0.4171875 0.3078125000000001
0 0.54375 0.22031250000000008 0.4125 0.22031250000000008 0.4125 0.3078125000000001 0.54375 0.3078125000000001
0 0.590625 0.22812500000000008 0.5421875 0.22812500000000008 0.5421875 0.2921875000000001 0.590625 0.2921875000000001
0 0.7859375 0.22812500000000008 0.5890625 0.22812500000000008 0.5890625 0.2968750000000001 0.7859375 0.2968750000000001
0 0.8734375 0.2312500000000001 0.7828125 0.2312500000000001 0.7828125 0.3109375000000001 0.8734375 0.3109375000000001
0 0.17187500000000006 0.4234375 0.03437500000000006 0.4234375 0.03437500000000006 0.484375 0.17187500000000006 0.484375
0 0.2875000000000001 0.4234375 0.17187500000000006 0.4234375 0.17187500000000006 0.4828125 0.2875000000000001 0.4828125
0 0.4421875 0.4203125 0.29375000000000007 0.4203125 0.29375000000000007 0.48125 0.4421875 0.48125
0 0.14843750000000008 0.6 0.03593750000000008 0.6 0.03593750000000008 0.6703125 0.14843750000000008 0.6703125
0 0.3046875000000001 0.60625 0.14843750000000008 0.60625 0.14843750000000008 0.678125 0.3046875000000001 0.678125
0 0.3890625000000001 0.609375 0.3078125000000001 0.609375 0.3078125000000001 0.6703125 0.3890625000000001 0.6703125
0 0.4734375 0.6015625 0.3890625000000001 0.6015625 0.3890625000000001 0.6703125 0.4734375 0.6703125
0 0.1312500000000001 0.7890625 0.0328125000000001 0.7890625 0.032812500000000105 0.8671875 0.1312500000000001 0.8671875
0 0.1703125000000001 0.79375 0.1296875000000001 0.79375 0.1296875000000001 0.8671875 0.1703125000000001 0.8671875
0 0.2515625000000001 0.7953125 0.17343750000000008 0.7953125 0.17343750000000008 0.8625 0.2515625000000001 0.8625
0 0.3468750000000001 0.7921875 0.2531250000000001 0.7921875 0.2531250000000001 0.8671875 0.3468750000000001 0.8671875
0 0.3968750000000001 0.7953125 0.3421875000000001 0.7953125 0.3421875000000001 0.8609375 0.3968750000000001 0.8609375
0 0.5093750000000001 0.7953125 0.39531250000000007 0.7953125 0.39531250000000007 0.8640625 0.5093750000000001 0.8640625