0 0.1984375 0.05781250000000001 0.06875 0.0578125 0.06875 0.1375 0.1984375 0.13750000000000004
0 0.321875 0.06406250000000004 0.215625 0.06406250000000002 0.215625 0.14218750000000005 0.321875 0.14218750000000005
0 0.19531250000000003 0.15468750000000003 0.1015625 0.1546875 0.10156250000000003 0.228125 0.19531250000000006 0.228125
0 0.5546875 0.15468750000000006 0.20625 0.15468750000000003 0.20625 0.25312500000000004 0.5546875 0.2531250000000001
0 0.7046875 0.1687500000000001 0.5703125 0.1687500000000001 0.5703125 0.2640625000000001 0.7046875 0.2640625000000001
0 0.8609375 0.17343750000000008 0.7171875 0.17343750000000008 0.7171875 0.2656250000000001 0.8609375 0.2656250000000001
0 0.3859375 0.24687500000000004 0.15625000000000006 0.246875 0.15625000000000006 0.34218750000000003 0.3859375 0.3421875000000001
0 0.4359375 0.2671875000000001 0.4 0.2671875000000001 0.4 0.33281250000000007 0.4359375 0.33281250000000007
0 0.5703125 0.26250000000000007 0.4578125 0.26250000000000007 0.4578125 0.3375000000000001 0.5703125 0.3375000000000001
0 0.36718750000000006 0.35468750000000004 0.15156250000000004 0.3546875 0.15156250000000004 0.4359375 0.3671875000000001 0.4359375
0 0.4125 0.35625000000000007 0.3703125 0.35625000000000007 0.37031250000000004 0.4359375 0.4125 0.4359375
0 0.5140625 0.3593750000000001 0.41875 0.3593750000000001 0.41875 0.440625 0.5140625 0.440625
0 0.13437500000000008 0.525 0.048437500000000064 0.525 0.04843750000000007 0.615625 0.13437500000000008 0.615625
0 0.18437500000000007 0.534375 0.14843750000000006 0.534375 0.14843750000000006 0.609375 0.1843750000000001 0.609375
0 0.490625 0.5421875 0.19843750000000004 0.5421875 0.19843750000000007 0.6390625 0.490625 0.6390625
0 0.565625 0.546875 0.509375 0.546875 0.509375 0.6375 0.565625 0.6375
0 0.4156250000000002 0.7328125 0.04375000000000009 0.7328125 0.043750000000000094 0.8265625 0.4156250000000002 0.8265625
0 0.4671875000000002 0.74375 0.4312500000000002 0.74375 0.4312500000000002 0.809375 0.4671875000000002 0.809375
0 0.6265625000000001 0.7421875 0.47968750000000016 0.7421875 0.47968750000000016 0.83125 0.6265625000000001 0.83125
0 0.3937500000000001 0.8125 0.0421875000000001 0.8125 0.04218750000000011 0.91875 0.3937500000000001 0.91875
0 0.4656250000000002 0.8234375 0.42187500000000017 0.8234375 0.42187500000000017 0.9125 0.4656250000000002 0.9125
0 0.5234375000000002 0.825 0.4656250000000002 0.825 0.4656250000000002 0.9140625 0.5234375000000002 0.9140625