0 0.059375000000000025 0.03125000000000001 0.003125000000000004 0.03125 0.003125000000000019 0.275 0.059375000000000046 0.275
0 0.15781250000000002 0.05312500000000001 0.059375 0.053125 0.059375000000000025 0.2796875 0.15781250000000005 0.2796875
0 0.303125 0.015625000000000028 0.1546875 0.015625000000000017 0.15468750000000003 0.3078125 0.303125 0.3078125
0 0.4046875 0.032812500000000036 0.2953125 0.032812500000000036 0.2953125 0.28125000000000006 0.4046875 0.2812500000000001
0 0.459375 0.07500000000000005 0.4046875 0.07500000000000004 0.4046875 0.2484375000000001 0.459375 0.2484375000000001
0 0.5171875 0.05312500000000007 0.459375 0.05312500000000007 0.459375 0.2796875000000001 0.5171875 0.2796875000000001
0 0.6171875 0.06406250000000006 0.5171875 0.06406250000000006 0.5171875 0.30156250000000007 0.6171875 0.30156250000000007
0 0.75625 0.053125000000000075 0.6203125 0.05312500000000007 0.6203125 0.2796875000000001 0.75625 0.2796875000000001
0 0.8453125 0.04218750000000009 0.7546875 0.042187500000000086 0.7546875 0.28593750000000007 0.8453125 0.28593750000000007
0 0.14687500000000006 0.403125 4.9368574090627673e-17 0.403125 6.45809835487862e-17 0.6515625 0.1468750000000001 0.6515625
0 0.2234375000000001 0.3703125 0.15312500000000004 0.3703125 0.15312500000000007 0.5921875 0.2234375000000001 0.5921875
0 0.36250000000000004 0.3484375 0.2265625 0.3484375 0.22656250000000006 0.640625 0.3625000000000001 0.640625
0 0.4234375 0.36562500000000003 0.3593750000000001 0.365625 0.3593750000000001 0.61875 0.4234375 0.61875
0 0.534375 0.3437500000000001 0.4203125 0.3437500000000001 0.4203125 0.625 0.534375 0.625
0 0.6734375 0.34843750000000007 0.534375 0.34843750000000007 0.534375 0.6140625 0.6734375 0.6140625
0 0.7375 0.3859375000000001 0.6734375 0.3859375000000001 0.6734375 0.5984375000000001 0.7375 0.5984375000000002
0 0.8171875 0.3546875000000001 0.734375 0.3546875000000001 0.734375 0.5812500000000002 0.8171875 0.5812500000000002
0 0.1718750000000001 0.7140625 0.0015625000000000875 0.7140625 0.001562500000000103 0.96875 0.17187500000000014 0.96875
0 0.27031250000000007 0.7046875 0.17343750000000008 0.7046875 0.1734375000000001 0.9375 0.27031250000000007 0.9375
0 0.3437500000000001 0.678125 0.2671875000000001 0.678125 0.2671875000000001 0.9796875 0.3437500000000001 0.9796875
0 0.4125000000000001 0.7046875 0.3390625000000001 0.7046875 0.3390625000000001 0.9265625 0.4125000000000002 0.9265625
0 0.4953125000000001 0.709375 0.409375 0.709375 0.4093750000000001 0.9359375 0.49531250000000016 0.9359375
0 0.6375000000000001 0.71875 0.4921875 0.71875 0.4921875000000001 0.9578125 0.6375000000000002 0.9578125
0 0.690625 0.7046875 0.6359375 0.7046875 0.6359375 0.921875 0.6906250000000002 0.921875
0 0.89375 0.6984375 0.690625 0.6984375 0.690625 0.946875 0.89375 0.946875
0 0.9703125 0.6875000000000002 0.8921875 0.6875000000000002 0.8921875 0.9421875 0.9703125 0.9421875