0 0.12500000000000003 0.09687500000000002 0.006250000000000011 0.096875 0.006250000000000032 0.4328125 0.12500000000000006 0.4328125
0 0.17500000000000002 0.109375 0.125 0.109375 0.12500000000000003 0.4046875 0.17500000000000004 0.4046875
0 0.24218750000000006 0.12343750000000002 0.178125 0.1234375 0.17812500000000003 0.425 0.24218750000000008 0.425
0 0.31093750000000003 0.14375000000000004 0.2421875 0.14375000000000004 0.24218750000000006 0.4390625 0.3109375000000001 0.4390625
0 0.3453125 0.10312500000000005 0.3140625 0.10312500000000005 0.3140625 0.43125 0.3453125000000001 0.43125
0 0.4375 0.12343750000000005 0.3484375 0.12343750000000005 0.34843750000000007 0.4375 0.4375 0.4375
0 0.4859375 0.11562500000000005 0.44375 0.11562500000000005 0.44375 0.3906250000000001 0.4859375 0.3906250000000001
0 0.584375 0.14375000000000007 0.4921875 0.14375000000000004 0.4921875 0.4390625 0.584375 0.4390625
0 0.61875 0.10312500000000009 0.584375 0.10312500000000009 0.584375 0.43125 0.61875 0.43125
0 0.6828125 0.1375000000000001 0.615625 0.1375000000000001 0.615625 0.4515625 0.6828125 0.4515625
0 0.796875 0.12343750000000009 0.6828125 0.12343750000000009 0.6828125 0.4250000000000001 0.796875 0.42500000000000016
0 0.8609375 0.11718750000000008 0.8015625 0.11718750000000008 0.8015625 0.3843750000000001 0.8609375 0.3843750000000001
0 0.965625 0.11718750000000011 0.8671875 0.11718750000000008 0.8671875 0.4187500000000002 0.965625 0.4187500000000002
0 0.9984375 0.11718750000000014 0.9671875 0.11718750000000014 0.9671875 0.4046875000000002 0.9984375 0.4046875000000002
0 0.05937500000000009 0.528125 0.004687500000000065 0.528125 0.004687500000000083 0.821875 0.05937500000000011 0.821875
0 0.13281250000000008 0.5546875 0.06406250000000006 0.5546875 0.06406250000000009 0.8625 0.13281250000000008 0.8625