0 0.13281250000000003 0.08750000000000001 0.00781250000000001 0.0875 0.007812500000000031 0.425 0.13281250000000006 0.425
0 0.18125000000000002 0.103125 0.1265625 0.103125 0.12656250000000002 0.3984375 0.18125000000000005 0.3984375
0 0.24843750000000003 0.11875000000000002 0.1796875 0.11875 0.17968750000000003 0.421875 0.2484375000000001 0.421875
0 0.31718750000000007 0.14062500000000006 0.24375 0.14062500000000006 0.24375000000000005 0.4359375 0.31718750000000007 0.4359375
0 0.35156250000000006 0.10000000000000005 0.3140625 0.10000000000000005 0.3140625 0.4296875 0.3515625000000001 0.4296875
0 0.4453125 0.12187500000000004 0.35 0.12187500000000004 0.35000000000000003 0.4375 0.4453125 0.4375
0 0.49375 0.11562500000000005 0.446875 0.11562500000000005 0.446875 0.3906250000000001 0.49375 0.3906250000000001
0 0.590625 0.14375000000000007 0.49375 0.14375000000000004 0.49375 0.440625 0.590625 0.440625
0 0.625 0.10468750000000009 0.5859375 0.10468750000000009 0.5859375 0.434375 0.625 0.434375
0 0.6890625 0.1390625000000001 0.615625 0.1390625000000001 0.615625 0.4546875 0.6890625 0.4546875
0 0.803125 0.12656250000000008 0.684375 0.12656250000000008 0.684375 0.4296875000000001 0.803125 0.42968750000000017
0 0.86875 0.1218750000000001 0.8046875 0.1218750000000001 0.8046875 0.3906250000000001 0.86875 0.3906250000000001
0 0.971875 0.12343750000000012 0.86875 0.12343750000000009 0.86875 0.4265625000000002 0.971875 0.4265625000000002
0 1 0.12500000000000014 0.9671875 0.12500000000000014 0.9671875 0.4125000000000002 1 0.4125000000000002
0 0.05937500000000008 0.51875 6.352855270576895e-17 0.51875 8.161122809942908e-17 0.8140625 0.05937500000000009 0.8140625
0 0.1312500000000001 0.546875 0.057812500000000065 0.546875 0.057812500000000086 0.85625 0.1312500000000001 0.85625