0 0.08593750000000001 0.009375000000000008 0.04375 0.009375000000000005 0.043750000000000004 0.134375 0.08593750000000003 0.134375
0 0.1890625 1.61691647699924e-17 0.075 9.184850993605149e-18 0.07500000000000001 0.14062500000000003 0.1890625 0.14062500000000006
0 0.39375 0.006250000000000035 0.1734375 0.006250000000000022 0.17343750000000002 0.19687500000000002 0.39375 0.19687500000000005
0 0.5390625 0.017187500000000057 0.371875 0.017187500000000043 0.371875 0.2000000000000001 0.5390625 0.2000000000000001
0 0.6640625 0.037500000000000075 0.5171875 0.03750000000000007 0.5171875 0.2234375000000001 0.6640625 0.2234375000000001
0 0.9125 0.0500000000000001 0.646875 0.050000000000000086 0.646875 0.2328125000000001 0.9125 0.2328125000000001
0 1 0.07500000000000012 0.8890625 0.07500000000000011 0.8890625 0.25468750000000007 1 0.25468750000000007
0 0.19843750000000002 0.17812500000000003 0.050000000000000024 0.178125 0.05000000000000003 0.4015625 0.19843750000000004 0.4015625
0 0.24843750000000003 0.2171875 0.17656250000000004 0.2171875 0.17656250000000004 0.3734375 0.2484375000000001 0.3734375
0 0.32812500000000006 0.2234375 0.2359375 0.2234375 0.23593750000000005 0.371875 0.3281250000000001 0.371875
0 0.37343750000000003 0.24375000000000005 0.3109375 0.24375 0.31093750000000003 0.38906250000000003 0.3734375000000001 0.3890625000000001
0 0.5140625 0.23281250000000003 0.3546875 0.2328125 0.35468750000000004 0.4171875 0.5140625 0.4171875
0 0.5484375 0.2531250000000001 0.4953125 0.2531250000000001 0.4953125 0.3984375000000001 0.5484375 0.3984375000000001
0 0.6171875 0.2671875000000001 0.534375 0.2671875000000001 0.534375 0.4125 0.6171875 0.4125
0 0.7375 0.2609375000000001 0.6 0.2609375000000001 0.6 0.4437500000000001 0.7375 0.4437500000000002
0 0.9421875 0.2765625000000001 0.721875 0.2765625000000001 0.721875 0.4515625000000001 0.9421875 0.4515625000000002
0 0.02968750000000007 0.51875 6.352855270576895e-17 0.51875 7.108691966925652e-17 0.6421875 0.02968750000000008 0.6421875
0 0.18281250000000007 0.50625 0.02187500000000006 0.50625 0.02187500000000007 0.678125 0.1828125000000001 0.678125
0 0.4015625 0.5203125 0.16875000000000004 0.5203125 0.16875000000000007 0.6984375 0.4015625 0.6984375
0 0.5578125 0.5453125 0.3812500000000001 0.5453125 0.3812500000000001 0.721875 0.5578125 0.721875
0 0.6968750000000001 0.5546875 0.5390625 0.5546875 0.5390625000000001 0.7390625 0.6968750000000001 0.7390625
0 0.7984375000000001 0.5640625000000001 0.6796875 0.5640625 0.6796875000000001 0.7500000000000001 0.7984375000000001 0.7500000000000002
0 0.840625 0.5875000000000001 0.7796875 0.5875000000000001 0.7796875000000001 0.7546875000000002 0.840625 0.7546875000000002
0 0.953125 0.5984375000000002 0.8234375 0.5984375000000002 0.8234375 0.7671875000000001 0.953125 0.7671875000000001
0 0.11718750000000008 0.7171875 8.783013762634924e-17 0.7171875 9.806741946297164e-17 0.884375 0.11718750000000008 0.884375
0 0.1593750000000001 0.7328125 0.0984375000000001 0.7328125 0.0984375000000001 0.928125 0.15937500000000013 0.928125
0 0.3921875000000001 0.7296875 0.1375000000000001 0.7296875 0.13750000000000012 0.9265625 0.3921875000000001 0.9265625
0 0.4828125000000002 0.7609375 0.3703125000000001 0.7609375 0.3703125000000001 0.95 0.4828125000000002 0.95