0 0.1828125 0.07187500000000001 0.0546875 0.071875 0.054687500000000014 0.14843750000000003 0.1828125 0.14843750000000006
0 0.30625 0.07343750000000003 0.2015625 0.07343750000000002 0.2015625 0.14843750000000006 0.30625 0.14843750000000006
0 0.18281250000000002 0.16875 0.09218750000000002 0.16875 0.09218750000000002 0.2390625 0.18281250000000004 0.2390625
0 0.54375 0.16406250000000006 0.1984375 0.16406250000000006 0.19843750000000002 0.2515625 0.54375 0.2515625000000001
0 0.6921875 0.16562500000000008 0.5609375 0.16562500000000008 0.5609375 0.2562500000000001 0.6921875 0.2562500000000001
0 0.8484375 0.16562500000000008 0.7078125 0.16562500000000008 0.7078125 0.2531250000000001 0.8484375 0.2531250000000001
0 0.3765625 0.25781250000000006 0.15000000000000005 0.2578125 0.15000000000000005 0.3453125 0.3765625 0.3453125000000001
0 0.428125 0.27031250000000007 0.39375 0.27031250000000007 0.39375 0.3343750000000001 0.428125 0.3343750000000001
0 0.5609375 0.2640625000000001 0.4515625 0.2640625000000001 0.4515625 0.3359375000000001 0.5609375 0.3359375000000001
0 0.3609375000000001 0.365625 0.14843750000000006 0.365625 0.14843750000000006 0.440625 0.3609375000000001 0.440625
0 0.40625 0.3609375000000001 0.3671875 0.3609375000000001 0.36718750000000006 0.4390625 0.40625 0.4390625
0 0.509375 0.3625000000000001 0.415625 0.3625000000000001 0.415625 0.440625 0.509375 0.440625
0 0.13437500000000008 0.540625 0.05156250000000007 0.540625 0.05156250000000007 0.628125 0.13437500000000008 0.628125
0 0.1843750000000001 0.546875 0.1515625000000001 0.546875 0.1515625000000001 0.6203125 0.1843750000000001 0.6203125
0 0.4921875 0.5515625 0.2015625000000001 0.5515625 0.2015625000000001 0.6390625 0.4921875 0.6390625
0 0.5671875 0.5453125 0.5140625 0.5453125 0.5140625 0.634375 0.5671875 0.634375
0 0.4234375000000002 0.7484375 0.05468750000000009 0.7484375 0.0546875000000001 0.8296875 0.4234375000000002 0.8296875
0 0.4750000000000002 0.746875 0.44062500000000016 0.746875 0.44062500000000016 0.8109375 0.4750000000000002 0.8109375
0 0.6343750000000001 0.7421875 0.4906250000000002 0.7421875 0.4906250000000002 0.825 0.6343750000000001 0.825
0 0.4046875000000002 0.828125 0.05625000000000011 0.828125 0.05625000000000011 0.921875 0.4046875000000002 0.921875
0 0.47656250000000017 0.825 0.4359375000000002 0.825 0.4359375000000002 0.9125 0.47656250000000017 0.9125
0 0.5359375000000002 0.8265625 0.47968750000000016 0.8265625 0.47968750000000016 0.9125 0.5359375000000002 0.9125