0 0.01875000000000001 0.046875 5.7405318710032185e-18 0.046875 1.0141606305439019e-17 0.11875 0.018750000000000017 0.11875
0 0.1640625 0.039062500000000014 0.023437500000000007 0.0390625 0.02343750000000001 0.11875 0.1640625 0.11875
0 0.19375 0.035937500000000025 0.1625 0.035937500000000025 0.1625 0.12031250000000002 0.19375 0.12031250000000004
0 0.2640625 0.045312500000000026 0.1921875 0.04531250000000002 0.1921875 0.11250000000000004 0.2640625 0.11250000000000004
0 0.3515625 0.03906250000000004 0.2609375 0.039062500000000035 0.2609375 0.10781250000000005 0.3515625 0.10781250000000005
0 0.3875 0.026562500000000044 0.3453125 0.026562500000000044 0.3453125 0.10468750000000004 0.3875 0.10468750000000004
0 0.4890625 0.023437500000000052 0.384375 0.023437500000000045 0.384375 0.10312500000000005 0.4890625 0.10312500000000005
0 0.5296875 0.026562500000000062 0.4859375 0.026562500000000055 0.4859375 0.10468750000000004 0.5296875 0.10468750000000004
0 0.603125 0.02031250000000007 0.525 0.020312500000000067 0.525 0.09843750000000007 0.603125 0.09843750000000007
0 0.6875 0.021875000000000082 0.6421875 0.02187500000000008 0.6421875 0.09531250000000009 0.6875 0.09531250000000009
0 0.7140625 0.007812500000000087 0.6796875 0.007812500000000083 0.6796875 0.0906250000000001 0.7140625 0.0906250000000001
0 0.8140625 0.010937500000000095 0.7140625 0.01093750000000009 0.7140625 0.09687500000000009 0.8140625 0.09687500000000009
0 0.89375 0.009375000000000104 0.809375 0.0093750000000001 0.809375 0.0812500000000001 0.89375 0.08125000000000011
0 0.9703125 1.1356685551468033e-16 0.884375 1.0830470129959405e-16 0.884375 0.07500000000000011 0.9703125 0.07500000000000011
0 0.021875000000000023 0.1515625 1.8561053049577072e-17 0.1515625 2.3057803015196263e-17 0.225 0.021875000000000026 0.225
0 0.11406250000000002 0.1546875 0.026562500000000024 0.1546875 0.026562500000000027 0.2328125 0.11406250000000004 0.2328125
0 0.16562500000000002 0.14375 0.1109375 0.14375 0.11093750000000002 0.2234375 0.16562500000000005 0.2234375
0 0.2625 0.14218750000000002 0.159375 0.1421875 0.15937500000000002 0.225 0.2625 0.225
0 0.303125 0.13437500000000005 0.259375 0.13437500000000005 0.259375 0.215625 0.303125 0.215625
0 0.4375 0.12500000000000006 0.2984375 0.12500000000000006 0.2984375 0.21718750000000003 0.4375 0.2171875000000001
0 0.5 0.12812500000000004 0.4390625 0.12812500000000004 0.4390625 0.2000000000000001 0.5 0.2000000000000001
0 0.5328125 0.12500000000000006 0.49375 0.12500000000000006 0.49375 0.2078125000000001 0.5328125 0.2078125000000001
0 0.5984375 0.11875000000000006 0.5328125 0.11875000000000005 0.5328125 0.19218750000000007 0.5984375 0.1921875000000001
0 0.6390625 0.12500000000000008 0.596875 0.12500000000000008 0.596875 0.1921875000000001 0.6390625 0.1921875000000001
0 0.7234375 0.1140625000000001 0.6328125 0.1140625000000001 0.6328125 0.2000000000000001 0.7234375 0.2000000000000001
0 0.796875 0.11250000000000009 0.71875 0.11250000000000009 0.71875 0.1937500000000001 0.796875 0.1937500000000001
0 0.8296875 0.10312500000000009 0.79375 0.10312500000000009 0.79375 0.1906250000000001 0.8296875 0.1906250000000001
0 0.8640625 0.11093750000000009 0.8265625 0.11093750000000009 0.8265625 0.18906250000000008 0.8640625 0.18906250000000008
0 0.971875 0.1109375000000001 0.8609375 0.11093750000000009 0.8609375 0.18437500000000012 0.971875 0.18437500000000012
0 0.06562500000000003 0.2515625 3.080752104105061e-17 0.2515625 3.654805291205382e-17 0.3453125 0.06562500000000004 0.3453125
0 0.20468750000000008 0.4640625 0.004687500000000057 0.4640625 0.004687500000000065 0.603125 0.20468750000000008 0.603125
0 0.3234375000000001 0.4859375 0.21250000000000008 0.4859375 0.21250000000000008 0.5828125 0.3234375000000001 0.5828125
0 0.4921875 0.48125 0.3187500000000001 0.48125 0.3187500000000001 0.5640625 0.4921875 0.5640625
0 0.10781250000000009 0.6546875 0.015625000000000076 0.6546875 0.015625000000000083 0.7421875 0.10781250000000009 0.7421875
0 0.1515625000000001 0.6578125 0.10468750000000009 0.6578125 0.10468750000000009 0.74375 0.1515625000000001 0.74375
0 0.2500000000000001 0.646875 0.14843750000000008 0.646875 0.14843750000000008 0.7484375 0.2500000000000001 0.7484375
0 0.2875000000000001 0.6515625 0.2453125000000001 0.6515625 0.2453125000000001 0.7234375 0.2875000000000001 0.7234375
0 0.4015625000000001 0.6453125 0.2843750000000001 0.6453125 0.2843750000000001 0.7328125 0.40156250000000016 0.7328125
0 0.5125 0.6375 0.3984375000000001 0.6375 0.3984375000000001 0.7171875 0.5125 0.7171875
0 0.6265625 0.6265625 0.5078125 0.6265625 0.5078125 0.715625 0.6265625 0.715625
0 0.6875 0.628125 0.621875 0.628125 0.621875 0.7046875 0.6875 0.7046875
0 0.81875 0.6203125 0.6859375 0.6203125 0.6859375 0.7109375000000001 0.81875 0.7109375000000002
0 0.85 0.6265625000000001 0.8109375 0.6265625000000001 0.8109375 0.7015625000000002 0.85 0.7015625000000002
0 0.953125 0.6234375000000002 0.840625 0.6234375000000002 0.840625 0.6984375000000002 0.953125 0.6984375000000002
0 0.1390625000000001 0.759375 0.017187500000000095 0.759375 0.0171875000000001 0.8421875 0.1390625000000001 0.8421875
0 0.1859375000000001 0.7625 0.1375000000000001 0.7625 0.1375000000000001 0.834375 0.1859375000000001 0.834375
0 0.21093750000000008 0.7671875 0.17968750000000008 0.7671875 0.17968750000000008 0.840625 0.21093750000000008 0.840625
0 0.32500000000000007 0.7515625 0.20312500000000008 0.7515625 0.20312500000000008 0.8359375 0.32500000000000007 0.8359375
0 0.42500000000000016 0.7453125 0.3156250000000001 0.7453125 0.3156250000000001 0.834375 0.42500000000000016 0.834375
0 0.5265625000000002 0.74375 0.41718750000000016 0.74375 0.41718750000000016 0.8265625 0.5265625000000002 0.8265625
0 0.5890625000000002 0.740625 0.5203125000000002 0.740625 0.5203125000000002 0.821875 0.5890625000000002 0.821875
0 0.6312500000000002 0.7328125 0.5875000000000001 0.7328125 0.5875000000000001 0.8125 0.6312500000000002 0.8125
0 0.7171875000000002 0.734375 0.6234375000000002 0.734375 0.6234375000000002 0.8171875 0.7171875000000002 0.8171875
0 0.7656250000000002 0.7312500000000001 0.7109375000000002 0.73125 0.7109375000000002 0.8046875 0.7656250000000002 0.8046875
0 0.8640625 0.7203125000000001 0.7609375 0.7203125000000001 0.7609375 0.8046875 0.8640625 0.8046875
0 0.9953125 0.7156250000000002 0.859375 0.7156250000000002 0.859375 0.803125 0.9953125 0.803125
0 0.1187500000000001 0.8671875 0.023437500000000104 0.8671875 0.02343750000000011 0.946875 0.11875000000000013 0.946875
0 0.1562500000000001 0.8640625 0.1140625000000001 0.8640625 0.11406250000000011 0.9375 0.15625000000000014 0.9375
0 0.2812500000000001 0.865625 0.15000000000000008 0.865625 0.1500000000000001 0.9421875 0.2812500000000001 0.9421875
0 0.31718750000000007 0.8625 0.2718750000000001 0.8625 0.2718750000000001 0.934375 0.31718750000000007 0.934375
0 0.3375000000000001 0.8578125 0.3109375000000001 0.8578125 0.3109375000000001 0.928125 0.3375000000000001 0.928125
0 0.3968750000000001 0.8640625 0.33281250000000007 0.8640625 0.33281250000000007 0.9359375 0.3968750000000001 0.9359375
0 0.4265625000000002 0.8578125 0.3968750000000001 0.8578125 0.3968750000000001 0.9265625 0.4265625000000002 0.9265625
0 0.46406250000000016 0.8625 0.42500000000000016 0.8625 0.42500000000000016 0.925 0.46406250000000016 0.925
0 0.5437500000000002 0.8546875 0.4625000000000002 0.8546875 0.4625000000000002 0.9234375 0.5437500000000002 0.9234375
0 0.5640625000000001 0.84375 0.5390625000000002 0.84375 0.5390625000000002 0.9234375 0.5640625000000001 0.9234375
0 0.6000000000000002 0.8421875 0.5593750000000002 0.8421875 0.5593750000000002 0.9171875 0.6000000000000002 0.9171875
0 0.6484375000000002 0.8375 0.5953125000000001 0.8375 0.5953125000000001 0.9125 0.6484375000000002 0.9125
0 0.7968750000000002 0.8421875 0.6500000000000001 0.8421875 0.6500000000000001 0.909375 0.7968750000000002 0.909375