0 0.2015625 0.06718750000000001 8.228095681771279e-18 0.0671875 1.4638356271058207e-17 0.17187500000000003 0.2015625 0.17187500000000006
0 0.17031250000000003 0.271875 0.009375000000000033 0.271875 0.009375000000000038 0.34375 0.17031250000000003 0.34375
0 0.3140625 0.2453125 0.16406250000000006 0.2453125 0.16406250000000006 0.3328125 0.3140625 0.3328125
0 0.3984375 0.23906250000000004 0.303125 0.2390625 0.303125 0.32656250000000003 0.3984375 0.3265625000000001
0 0.525 0.21875000000000008 0.384375 0.21875000000000008 0.384375 0.3187500000000001 0.525 0.3187500000000001
0 0.56875 0.22031250000000008 0.5125 0.22031250000000008 0.5125 0.2890625000000001 0.56875 0.2890625000000001
0 0.7625 0.2000000000000001 0.559375 0.2000000000000001 0.559375 0.2890625000000001 0.7625 0.2890625000000001
0 0.853125 0.1937500000000001 0.753125 0.1937500000000001 0.753125 0.2828125000000001 0.853125 0.2828125000000001
0 0.17343750000000005 0.4578125 0.029687500000000054 0.4578125 0.02968750000000006 0.5328125 0.17343750000000005 0.5328125
0 0.2875000000000001 0.4453125 0.16562500000000005 0.4453125 0.16562500000000005 0.5171875 0.2875000000000001 0.5171875
0 0.440625 0.4265625 0.28593750000000007 0.4265625 0.28593750000000007 0.503125 0.440625 0.503125
0 0.1687500000000001 0.6359375 0.050000000000000086 0.6359375 0.050000000000000086 0.7171875 0.1687500000000001 0.7171875
0 0.32500000000000007 0.6265625 0.1625000000000001 0.6265625 0.1625000000000001 0.7140625 0.32500000000000007 0.7140625
0 0.4078125 0.6203125 0.3203125000000001 0.6203125 0.3203125000000001 0.6890625 0.4078125 0.6890625
0 0.4921875 0.603125 0.4015625 0.603125 0.4015625 0.6796875 0.4921875 0.6796875
0 0.1718750000000001 0.8265625 0.06562500000000011 0.8265625 0.06562500000000011 0.9140625 0.17187500000000014 0.9140625
0 0.21093750000000008 0.8265625 0.1625000000000001 0.8265625 0.1625000000000001 0.9046875 0.21093750000000008 0.9046875
0 0.2921875000000001 0.81875 0.2062500000000001 0.81875 0.2062500000000001 0.89375 0.2921875000000001 0.89375
0 0.38750000000000007 0.80625 0.28593750000000007 0.80625 0.28593750000000007 0.8921875 0.38750000000000007 0.8921875
0 0.4359375000000002 0.8046875 0.3734375000000001 0.8046875 0.3734375000000001 0.875 0.4359375000000002 0.875
0 0.5484375000000001 0.7921875 0.4265625000000002 0.7921875 0.4265625000000002 0.871875 0.5484375000000001 0.871875