0 0.1703125 0.084375 0.04062500000000001 0.084375 0.040625000000000015 0.1640625 0.1703125 0.1640625
0 0.29375 0.08125000000000003 0.1875 0.08125000000000002 0.1875 0.15937500000000004 0.29375 0.15937500000000004
0 0.17500000000000002 0.1796875 0.08125000000000002 0.1796875 0.08125000000000002 0.253125 0.17500000000000004 0.253125
0 0.534375 0.16406250000000006 0.1859375 0.16406250000000006 0.18593750000000003 0.26250000000000007 0.534375 0.26250000000000007
0 0.684375 0.1593750000000001 0.55 0.1593750000000001 0.55 0.25468750000000007 0.684375 0.25468750000000007
0 0.840625 0.1546875000000001 0.696875 0.1546875000000001 0.696875 0.2468750000000001 0.840625 0.2468750000000001
0 0.371875 0.26250000000000007 0.14218750000000005 0.2625 0.14218750000000005 0.35781250000000003 0.371875 0.3578125000000001
0 0.421875 0.2734375000000001 0.3859375 0.2734375000000001 0.3859375 0.3390625000000001 0.421875 0.3390625000000001
0 0.55625 0.26250000000000007 0.44375 0.26250000000000007 0.44375 0.3375000000000001 0.55625 0.3375000000000001
0 0.3593750000000001 0.371875 0.14375000000000004 0.371875 0.14375000000000004 0.453125 0.3593750000000001 0.453125
0 0.4046875 0.36406250000000007 0.3625000000000001 0.3640625 0.3625000000000001 0.44375 0.4046875 0.44375
0 0.5078125 0.3625000000000001 0.4125 0.3625000000000001 0.4125 0.44375 0.5078125 0.44375
0 0.1390625000000001 0.553125 0.05312500000000007 0.553125 0.053125000000000075 0.64375 0.1390625000000001 0.64375
0 0.18906250000000008 0.5578125 0.1531250000000001 0.5578125 0.1531250000000001 0.6328125 0.18906250000000008 0.6328125
0 0.496875 0.553125 0.20468750000000008 0.553125 0.20468750000000008 0.65 0.496875 0.65
0 0.571875 0.54375 0.515625 0.54375 0.515625 0.634375 0.571875 0.634375
0 0.4359375000000002 0.7515625 0.06406250000000009 0.7515625 0.0640625000000001 0.8453125 0.4359375000000002 0.8453125
0 0.4859375000000002 0.746875 0.4500000000000002 0.746875 0.4500000000000002 0.8125 0.4859375000000002 0.8125
0 0.6468750000000002 0.7375 0.5000000000000002 0.7375 0.5000000000000002 0.8265625 0.6468750000000002 0.8265625
0 0.4203125000000002 0.83125 0.06875000000000012 0.83125 0.06875000000000012 0.9375 0.4203125000000002 0.9375
0 0.49218750000000017 0.8265625 0.44843750000000016 0.8265625 0.44843750000000016 0.915625 0.49218750000000017 0.915625
0 0.5500000000000002 0.825 0.49218750000000017 0.825 0.49218750000000017 0.9140625 0.5500000000000002 0.9140625