0 0.315625 2.5354015763597545e-17 0.0984375 1.2055116929106758e-17 0.0984375 0.08437500000000003 0.315625 0.08437500000000005
0 0.234375 0.16718750000000002 0.07187500000000002 0.1671875 0.07187500000000002 0.246875 0.234375 0.246875
0 0.378125 0.18125000000000005 0.225 0.18125000000000005 0.225 0.275 0.378125 0.2750000000000001
0 0.4609375 0.20625000000000004 0.3609375 0.20625 0.3609375 0.29687500000000006 0.4609375 0.2968750000000001
0 0.5875 0.21093750000000008 0.44375 0.21093750000000008 0.44375 0.31718750000000007 0.5875 0.31718750000000007
0 0.6328125 0.2390625000000001 0.575 0.2390625000000001 0.575 0.30937500000000007 0.6328125 0.30937500000000007
0 0.825 0.2453125000000001 0.6203125 0.2453125000000001 0.6203125 0.3437500000000001 0.825 0.3437500000000001
0 0.9125 0.27812500000000007 0.809375 0.27812500000000007 0.809375 0.37187500000000007 0.9125 0.37187500000000007
0 0.18906250000000005 0.3515625 0.042187500000000044 0.3515625 0.04218750000000005 0.4328125 0.18906250000000005 0.4328125
0 0.3031250000000001 0.3734375 0.17968750000000006 0.3734375 0.17968750000000006 0.45 0.3031250000000001 0.45
0 0.45625 0.38906250000000003 0.3000000000000001 0.3890625 0.3000000000000001 0.471875 0.45625 0.471875
0 0.13750000000000007 0.525 0.015625000000000066 0.525 0.015625000000000073 0.6125 0.1375000000000001 0.6125
0 0.2906250000000001 0.55 0.12500000000000008 0.55 0.12500000000000008 0.6453125 0.2906250000000001 0.6453125
0 0.3734375000000001 0.5765625 0.2843750000000001 0.5765625 0.2843750000000001 0.65 0.3734375000000001 0.65
0 0.4578125 0.5828125 0.36406250000000007 0.5828125 0.36406250000000007 0.6640625 0.4578125 0.6640625
0 0.08906250000000009 0.7109375 8.706473337688214e-17 0.7109375 9.270958971670199e-17 0.803125 0.08906250000000009 0.803125
0 0.1296875000000001 0.7328125 0.07656250000000009 0.7328125 0.07656250000000009 0.8125 0.1296875000000001 0.8125
0 0.2093750000000001 0.740625 0.12031250000000009 0.740625 0.12031250000000009 0.81875 0.2093750000000001 0.81875
0 0.3031250000000001 0.75 0.1984375000000001 0.75 0.1984375000000001 0.8390625 0.3031250000000001 0.8390625
0 0.3531250000000001 0.7671875 0.2875000000000001 0.7671875 0.2875000000000001 0.840625 0.3531250000000001 0.840625
0 0.46406250000000016 0.775 0.34062500000000007 0.775 0.34062500000000007 0.8609375 0.46406250000000016 0.8609375