0 0.125 0.06718750000000001 8.228095681771279e-18 0.0671875 1.2055116929106758e-17 0.1296875 0.125 0.1296875
0 0.18125 0.06562500000000002 0.1234375 0.06562500000000002 0.1234375 0.11875 0.18125 0.11875
0 0.18750000000000003 0.17812500000000003 2.181402110981223e-17 0.178125 3.15729252905177e-17 0.3375 0.18750000000000006 0.3375
0 0.309375 0.17187500000000003 0.171875 0.171875 0.17187500000000003 0.3015625 0.309375 0.3015625
0 0.509375 0.15625000000000006 0.3015625 0.15625000000000006 0.3015625 0.30000000000000004 0.509375 0.3000000000000001
0 0.8609375 0.12500000000000006 0.496875 0.12500000000000006 0.496875 0.2843750000000001 0.8609375 0.2843750000000001
0 0.95625 0.11718750000000011 0.85 0.11718750000000008 0.85 0.2375000000000001 0.95625 0.2375000000000001
0 0.22656250000000006 0.325 3.980102097228898e-17 0.325 4.927289855944429e-17 0.4796875 0.22656250000000008 0.4796875
0 0.48125 0.30468750000000006 0.2171875 0.3046875 0.21718750000000003 0.4515625 0.48125 0.4515625
0 0.6078125 0.3046875000000001 0.4703125 0.3046875000000001 0.4703125 0.4203125 0.6078125 0.4203125
0 0.759375 0.27812500000000007 0.5984375 0.27812500000000007 0.5984375 0.4218750000000001 0.759375 0.42187500000000017
0 0.2734375000000001 0.4703125 0.004687500000000058 0.4703125 0.004687500000000068 0.6390625 0.2734375000000001 0.6390625
0 0.3859375000000001 0.4671875 0.2609375000000001 0.4671875 0.2609375000000001 0.6 0.3859375000000001 0.6
0 0.8078125 0.4281250000000001 0.3781250000000001 0.428125 0.3781250000000001 0.6187500000000001 0.8078125 0.6187500000000001
0 0.3593750000000001 0.621875 0.01875000000000008 0.621875 0.018750000000000086 0.7875 0.3593750000000001 0.7875
0 0.19531250000000008 0.7953125 0.0343750000000001 0.7953125 0.03437500000000011 0.878125 0.19531250000000008 0.878125
0 0.28593750000000007 0.7828125 0.1859375000000001 0.7828125 0.1859375000000001 0.859375 0.28593750000000007 0.859375
0 0.4515625000000002 0.7671875 0.2812500000000001 0.7671875 0.2812500000000001 0.85 0.4515625000000002 0.85
0 0.6171875000000002 0.7515625 0.4468750000000002 0.7515625 0.4468750000000002 0.8421875 0.6171875000000002 0.8421875
0 0.7796875000000002 0.7296875 0.6109375000000001 0.7296875 0.6109375000000001 0.828125 0.7796875000000002 0.828125
0 0.98125 0.7109375000000002 0.76875 0.7109375000000002 0.76875 0.8125 0.98125 0.8125
0 0.1031250000000001 0.88125 0.04062500000000011 0.88125 0.04062500000000011 0.9453125 0.10312500000000013 0.9453125
0 0.16875000000000012 0.8671875 0.09843750000000011 0.8671875 0.09843750000000011 0.946875 0.16875000000000012 0.946875
0 0.2156250000000001 0.871875 0.1593750000000001 0.871875 0.1593750000000001 0.94375 0.2156250000000001 0.94375
0 0.3578125000000001 0.8484375 0.2062500000000001 0.8484375 0.2062500000000001 0.9375 0.3578125000000001 0.9375
0 0.4781250000000002 0.8421875 0.3531250000000001 0.8421875 0.3531250000000001 0.928125 0.4781250000000002 0.928125
0 0.6437500000000002 0.83125 0.4734375000000002 0.83125 0.4734375000000002 0.91875 0.6437500000000002 0.91875