0 0.03750000000000002 0.0578125 0.007812500000000009 0.0578125 0.007812500000000016 0.1796875 0.03750000000000002 0.1796875
0 0.140625 0.04218750000000001 0.0390625 0.0421875 0.039062500000000014 0.1765625 0.140625 0.1765625
0 0.34375 0.04218750000000003 0.140625 0.042187500000000024 0.14062500000000003 0.2125 0.34375 0.2125
0 0.4890625 0.03281250000000005 0.3390625 0.03281250000000004 0.3390625 0.20000000000000004 0.4890625 0.2000000000000001
0 0.615625 0.03593750000000007 0.4875 0.03593750000000005 0.4875 0.2093750000000001 0.615625 0.2093750000000001
0 0.865625 0.035937500000000094 0.615625 0.03593750000000008 0.615625 0.1921875000000001 0.865625 0.1921875000000001
0 0.959375 0.03593750000000011 0.8609375 0.0359375000000001 0.8609375 0.2062500000000001 0.959375 0.2062500000000001
0 0.16718750000000004 0.225 0.04062500000000002 0.225 0.040625000000000036 0.4359375 0.16718750000000004 0.4359375
0 0.22187500000000004 0.25 0.16406250000000006 0.25 0.16406250000000006 0.4015625 0.2218750000000001 0.4015625
0 0.30000000000000004 0.25 0.2234375 0.25 0.22343750000000004 0.3921875 0.3000000000000001 0.3921875
0 0.34843750000000007 0.2625 0.3 0.2625 0.30000000000000004 0.4046875 0.34843750000000007 0.4046875
0 0.4875 0.24687500000000004 0.3453125 0.246875 0.3453125 0.4171875 0.4875 0.4171875
0 0.521875 0.2531250000000001 0.484375 0.2531250000000001 0.484375 0.39531250000000007 0.521875 0.39531250000000007
0 0.5921875 0.26250000000000007 0.525 0.26250000000000007 0.525 0.4015625 0.5921875 0.4015625
0 0.7125 0.2500000000000001 0.590625 0.2500000000000001 0.590625 0.4203125 0.7125 0.4203125
0 0.91875 0.2531250000000001 0.7140625 0.2531250000000001 0.7140625 0.4078125000000001 0.91875 0.4078125000000002
0 0.03437500000000008 0.571875 0.009375000000000069 0.571875 0.009375000000000078 0.69375 0.034375000000000086 0.69375
0 0.1859375000000001 0.5546875 0.040625000000000064 0.5546875 0.04062500000000008 0.7125 0.1859375000000001 0.7125
0 0.40625 0.5515625 0.18906250000000008 0.5515625 0.18906250000000008 0.709375 0.40625 0.709375
0 0.5625 0.5546875 0.403125 0.5546875 0.403125 0.715625 0.5625 0.715625
0 0.703125 0.5484375 0.5625 0.5484375 0.5625 0.71875 0.703125 0.71875
0 0.803125 0.5421875 0.703125 0.5421875 0.703125 0.7187500000000001 0.803125 0.7187500000000002
0 0.8484375 0.5546875000000002 0.8046875 0.5546875000000002 0.8046875 0.7187500000000002 0.8484375 0.7187500000000002
0 0.9625 0.5625000000000002 0.8484375 0.5625000000000002 0.8484375 0.7187500000000002 0.9625 0.7187500000000002
0 0.1437500000000001 0.7671875 0.03906250000000009 0.7671875 0.0390625000000001 0.9234375 0.14375000000000013 0.9234375
0 0.18593750000000012 0.7703125 0.1453125000000001 0.7703125 0.14531250000000012 0.9625 0.18593750000000014 0.9625
0 0.4203125000000002 0.7640625 0.18125000000000008 0.7640625 0.1812500000000001 0.9375 0.4203125000000002 0.9375
0 0.5109375000000002 0.7703125 0.41718750000000016 0.7703125 0.41718750000000016 0.95 0.5109375000000002 0.95