0 0.065625 5.644856339819831e-18 0.0265625 3.2529680602351567e-18 0.026562500000000006 0.06875 0.065625 0.06875
0 0.209375 1.703024455064288e-17 0.06875 8.419446744138053e-18 0.06875 0.07812500000000001 0.209375 0.07812500000000003
0 0.240625 0.004687500000000027 0.209375 0.004687500000000025 0.209375 0.08906250000000002 0.240625 0.08906250000000002
0 0.3109375 0.020312500000000032 0.2390625 0.02031250000000003 0.2390625 0.08750000000000004 0.3109375 0.08750000000000005
0 0.396875 0.021875000000000044 0.30625 0.02187500000000004 0.30625 0.09062500000000004 0.396875 0.09062500000000004
0 0.4328125 0.015625000000000052 0.390625 0.01562500000000005 0.390625 0.09375000000000004 0.4328125 0.09375000000000004
0 0.5359375 0.018750000000000062 0.43125 0.018750000000000055 0.43125 0.09843750000000005 0.5359375 0.09843750000000007
0 0.575 0.029687500000000068 0.53125 0.029687500000000068 0.53125 0.10781250000000006 0.575 0.10781250000000009
0 0.6484375 0.02968750000000007 0.5703125 0.029687500000000068 0.5703125 0.10781250000000009 0.6484375 0.10781250000000009
0 0.7328125 0.04062500000000009 0.6875 0.04062500000000009 0.6875 0.1140625000000001 0.7328125 0.1140625000000001
0 0.7609375 0.03125000000000009 0.7265625 0.03125000000000009 0.7265625 0.1140625000000001 0.7609375 0.1140625000000001
0 0.8578125 0.04062500000000009 0.7578125 0.04062500000000009 0.7578125 0.12656250000000008 0.8578125 0.12656250000000008
0 0.9390625 0.048437500000000105 0.8546875 0.0484375000000001 0.8546875 0.12031250000000011 0.9390625 0.12031250000000013
0 1 0.043750000000000115 0.93125 0.04375000000000011 0.93125 0.12187500000000014 1 0.12187500000000014
0 0.057812500000000024 0.1015625 0.02031250000000001 0.1015625 0.020312500000000018 0.175 0.057812500000000024 0.175
0 0.14843750000000003 0.1125 0.06093750000000002 0.1125 0.06093750000000002 0.190625 0.14843750000000006 0.190625
0 0.2 0.10625000000000002 0.1453125 0.10625 0.1453125 0.18593750000000003 0.2 0.18593750000000003
0 0.2984375 0.11406250000000004 0.1953125 0.11406250000000004 0.19531250000000003 0.19687500000000005 0.2984375 0.19687500000000005
0 0.3390625 0.11406250000000004 0.2953125 0.11406250000000004 0.2953125 0.19531250000000006 0.3390625 0.19531250000000006
0 0.471875 0.11406250000000004 0.3328125 0.11406250000000004 0.3328125 0.20625000000000004 0.471875 0.2062500000000001
0 0.5359375 0.12656250000000005 0.475 0.12656250000000005 0.475 0.19843750000000004 0.5359375 0.19843750000000004
0 0.5671875 0.12812500000000007 0.528125 0.12812500000000004 0.528125 0.21093750000000008 0.5671875 0.21093750000000008
0 0.634375 0.12656250000000008 0.56875 0.12656250000000008 0.56875 0.2000000000000001 0.634375 0.2000000000000001
0 0.6734375 0.1390625000000001 0.63125 0.1390625000000001 0.63125 0.2062500000000001 0.6734375 0.2062500000000001
0 0.759375 0.1359375000000001 0.66875 0.1359375000000001 0.66875 0.2218750000000001 0.759375 0.2218750000000001
0 0.8328125 0.14218750000000008 0.7546875 0.14218750000000008 0.7546875 0.2234375000000001 0.8328125 0.2234375000000001
0 0.8640625 0.1375000000000001 0.828125 0.1375000000000001 0.828125 0.2250000000000001 0.8640625 0.2250000000000001
0 0.8984375 0.14843750000000008 0.8609375 0.14843750000000008 0.8609375 0.22656250000000008 0.8984375 0.22656250000000008
0 1 0.1562500000000001 0.8953125 0.15625000000000008 0.8953125 0.2296875000000001 1 0.2296875000000001
0 0.08906250000000003 0.2046875 0.015625000000000028 0.2046875 0.015625000000000035 0.2984375 0.08906250000000004 0.2984375
0 0.20312500000000008 0.421875 0.0031250000000000513 0.421875 0.0031250000000000596 0.5609375 0.20312500000000008 0.5609375
0 0.3203125000000001 0.4609375 0.2093750000000001 0.4609375 0.2093750000000001 0.5578125 0.3203125000000001 0.5578125
0 0.490625 0.471875 0.31718750000000007 0.471875 0.31718750000000007 0.5546875 0.490625 0.5546875
0 0.08750000000000008 0.6078125 7.443556326067507e-17 0.6078125 7.979339300694474e-17 0.6953125 0.08750000000000009 0.6953125
0 0.13281250000000008 0.6171875 0.08593750000000007 0.6171875 0.08593750000000008 0.703125 0.13281250000000008 0.703125
0 0.2312500000000001 0.6140625 0.1296875000000001 0.6140625 0.1296875000000001 0.715625 0.2312500000000001 0.715625
0 0.27031250000000007 0.6265625 0.22812500000000008 0.6265625 0.22812500000000008 0.6984375 0.27031250000000007 0.6984375
0 0.3828125000000001 0.628125 0.2656250000000001 0.628125 0.2656250000000001 0.715625 0.3828125000000001 0.715625
0 0.49375 0.63125 0.37968750000000007 0.63125 0.37968750000000007 0.7109375 0.49375 0.7109375
0 0.6078125 0.6328125 0.4890625 0.6328125 0.4890625 0.721875 0.6078125 0.721875
0 0.6703125 0.6421875 0.6046875 0.6421875 0.6046875 0.71875 0.6703125 0.71875
0 0.8 0.6468750000000001 0.6671875 0.646875 0.6671875 0.7375 0.8 0.7375000000000002
0 0.83125 0.6593750000000002 0.7921875 0.6593750000000002 0.7921875 0.7343750000000002 0.83125 0.7343750000000002
0 0.934375 0.6640625000000002 0.821875 0.6640625000000002 0.821875 0.7390625000000002 0.934375 0.7390625000000002
0 0.10937500000000008 0.7125 8.725608443924891e-17 0.7125 9.232688759196843e-17 0.7953125 0.10937500000000008 0.7953125
0 0.15625000000000008 0.725 0.10781250000000009 0.725 0.10781250000000009 0.796875 0.15625000000000008 0.796875
0 0.18125000000000008 0.7328125 0.15000000000000008 0.7328125 0.15000000000000008 0.80625 0.18125000000000008 0.80625
0 0.2953125000000001 0.725 0.17343750000000008 0.725 0.17343750000000008 0.809375 0.2953125000000001 0.809375
0 0.39531250000000007 0.7296875 0.28593750000000007 0.7296875 0.28593750000000007 0.81875 0.39531250000000007 0.81875
0 0.4968750000000002 0.7390625 0.38750000000000007 0.7390625 0.38750000000000007 0.821875 0.4968750000000002 0.821875
0 0.5593750000000002 0.74375 0.4906250000000002 0.74375 0.4906250000000002 0.825 0.5593750000000002 0.825
0 0.6015625000000002 0.7421875 0.5578125000000002 0.7421875 0.5578125000000002 0.821875 0.6015625000000002 0.821875
0 0.6875000000000002 0.7515625 0.5937500000000002 0.7515625 0.5937500000000002 0.834375 0.6875000000000002 0.834375
0 0.7375000000000002 0.7562500000000001 0.6828125000000002 0.75625 0.6828125000000002 0.8296875 0.7375000000000002 0.8296875
0 0.8359375 0.7515625000000001 0.7328125000000002 0.7515625000000001 0.7328125000000002 0.8359375 0.8359375 0.8359375
0 0.965625 0.7578125000000002 0.8296875 0.7578125000000002 0.8296875 0.8453125 0.965625 0.8453125
0 0.07812500000000011 0.81875 1.0026795668018954e-16 0.81875 1.0514740877054227e-16 0.8984375 0.07812500000000011 0.8984375
0 0.11562500000000009 0.8234375 0.07343750000000011 0.8234375 0.07343750000000011 0.896875 0.11562500000000009 0.896875
0 0.2406250000000001 0.834375 0.10937500000000008 0.834375 0.10937500000000011 0.9109375 0.2406250000000001 0.9109375
0 0.2765625000000001 0.8390625 0.2312500000000001 0.8390625 0.2312500000000001 0.9109375 0.2765625000000001 0.9109375
0 0.2984375000000001 0.8375 0.2718750000000001 0.8375 0.2718750000000001 0.9078125 0.2984375000000001 0.9078125
0 0.35625000000000007 0.846875 0.2921875000000001 0.846875 0.2921875000000001 0.91875 0.35625000000000007 0.91875
0 0.3859375000000001 0.8453125 0.35625000000000007 0.8453125 0.35625000000000007 0.9140625 0.3859375000000001 0.9140625
0 0.4234375000000002 0.8546875 0.3843750000000001 0.8546875 0.3843750000000001 0.9171875 0.4234375000000002 0.9171875
0 0.5031250000000002 0.8515625 0.42187500000000017 0.8515625 0.42187500000000017 0.9203125 0.5031250000000002 0.9203125
0 0.5234375000000002 0.846875 0.4984375000000002 0.846875 0.4984375000000002 0.9265625 0.5234375000000002 0.9265625
0 0.5593750000000002 0.8484375 0.5187500000000002 0.8484375 0.5187500000000002 0.9234375 0.5593750000000002 0.9234375
0 0.6093750000000002 0.8484375 0.5562500000000001 0.8484375 0.5562500000000001 0.9234375 0.6093750000000002 0.9234375
0 0.7578125000000002 0.8625 0.6109375000000001 0.8625 0.6109375000000001 0.9296875 0.7578125000000002 0.9296875