0 0.1375 0.09843750000000001 0.00781250000000001 0.0984375 0.007812500000000035 0.48125 0.13750000000000004 0.48125
0 0.19375000000000003 0.11250000000000002 0.13125 0.1125 0.13125000000000003 0.4578125 0.19375000000000003 0.4578125
0 0.24375000000000005 0.14218750000000005 0.190625 0.14218750000000005 0.19062500000000002 0.45625 0.24375000000000008 0.45625
0 0.31875000000000003 0.13593750000000004 0.2390625 0.13593750000000004 0.23906250000000004 0.5125 0.3187500000000001 0.5125
0 0.38593750000000004 0.16718750000000004 0.315625 0.16718750000000004 0.31562500000000004 0.4453125 0.3859375000000001 0.4453125
0 0.4140625 0.14218750000000005 0.38125 0.14218750000000005 0.38125000000000003 0.475 0.4140625 0.475
0 0.5296875 0.13593750000000004 0.4140625 0.13593750000000004 0.4140625 0.4625 0.5296875 0.4625
0 0.596875 0.12343750000000006 0.5265625 0.12343750000000005 0.5265625 0.475 0.596875 0.475
0 0.746875 0.1296875000000001 0.59375 0.1296875000000001 0.59375 0.5000000000000001 0.746875 0.5000000000000002
0 0.8234375 0.14218750000000008 0.7484375 0.14218750000000008 0.7484375 0.4750000000000002 0.8234375 0.4750000000000002
0 0.9046875 0.1296875000000001 0.821875 0.1296875000000001 0.821875 0.4500000000000002 0.9046875 0.4500000000000002
0 0.9828125 0.15468750000000012 0.9015625 0.1546875000000001 0.9015625 0.4390625000000002 0.9828125 0.4390625000000002
0 0.11718750000000008 0.5625 0.009375000000000069 0.5625 0.009375000000000086 0.828125 0.11718750000000008 0.828125
0 0.18125000000000008 0.54375 0.11562500000000005 0.54375 0.11562500000000006 0.8453125 0.18125000000000008 0.8453125
0 0.2468750000000001 0.56875 0.18125000000000008 0.56875 0.18125000000000008 0.853125 0.2468750000000001 0.853125
0 0.3453125000000001 0.55625 0.24218750000000008 0.55625 0.24218750000000008 0.8453125 0.3453125000000001 0.8453125
0 0.3843750000000001 0.55 0.3421875000000001 0.55 0.3421875000000001 0.8578125 0.3843750000000001 0.8578125
0 0.503125 0.50625 0.3843750000000001 0.50625 0.3843750000000001 0.8640625 0.5031250000000002 0.8640625