0 0.06562500000000002 0.028125000000000004 0.009375000000000003 0.028125 0.009375000000000012 0.1921875 0.06562500000000002 0.1921875
0 0.128125 0.010937500000000013 0.06875 0.010937500000000008 0.06875 0.18125 0.128125 0.18125
0 0.16250000000000003 0.031250000000000014 0.1296875 0.031250000000000014 0.1296875 0.1921875 0.16250000000000003 0.1921875
0 0.215625 0.017187500000000026 0.1625 0.017187500000000022 0.16250000000000003 0.184375 0.215625 0.18437500000000004
0 0.3046875 0.018750000000000034 0.215625 0.018750000000000027 0.215625 0.203125 0.3046875 0.203125
0 0.3453125 0.02500000000000004 0.3078125 0.025000000000000033 0.3078125 0.18437500000000004 0.3453125 0.18437500000000004
0 0.375 0.0031250000000000435 0.3453125 0.003125000000000042 0.3453125 0.19531250000000006 0.375 0.19531250000000006
0 0.4921875 0.03906250000000005 0.3765625 0.03906250000000004 0.3765625 0.21250000000000008 0.4921875 0.21250000000000008
0 0.60625 0.025000000000000067 0.4921875 0.025000000000000057 0.4921875 0.19218750000000007 0.60625 0.1921875000000001
0 0.71875 0.02031250000000008 0.603125 0.020312500000000074 0.603125 0.19531250000000008 0.71875 0.19531250000000008
0 0.746875 0.017187500000000088 0.7171875 0.017187500000000088 0.7171875 0.1843750000000001 0.746875 0.1843750000000001
0 0.8375 0.028125000000000094 0.7453125 0.028125000000000087 0.7453125 0.19531250000000008 0.8375 0.19531250000000008
0 0.99375 0.02812500000000011 0.8375 0.0281250000000001 0.8375 0.1984375000000001 0.99375 0.19843750000000013
0 0.07656250000000003 0.2625 0.007812500000000033 0.2625 0.007812500000000045 0.44375 0.07656250000000005 0.44375
0 0.19531250000000006 0.2578125 0.07968750000000002 0.2578125 0.07968750000000004 0.425 0.19531250000000006 0.425
0 0.0609375000000001 0.728125 0.01093750000000009 0.728125 0.0109375000000001 0.9 0.06093750000000011 0.9
0 0.1453125000000001 0.75 0.06875000000000009 0.75 0.0687500000000001 0.903125 0.1453125000000001 0.903125