0 0.19687500000000002 0.03437500000000001 0.015625000000000007 0.034375 0.01562500000000003 0.43125 0.19687500000000005 0.43125
0 0.2515625 0.06562500000000002 0.1421875 0.06562500000000002 0.14218750000000002 0.415625 0.2515625000000001 0.415625
0 0.29687500000000006 0.10312500000000005 0.2 0.10312500000000005 0.20000000000000004 0.421875 0.2968750000000001 0.421875
0 0.37187500000000007 0.10312500000000005 0.240625 0.10312500000000005 0.24062500000000003 0.4875 0.37187500000000007 0.4875
0 0.434375 0.14375000000000004 0.325 0.14375000000000004 0.32500000000000007 0.4296875 0.434375 0.4296875
0 0.465625 0.12968750000000004 0.3859375 0.12968750000000004 0.38593750000000004 0.4640625 0.465625 0.4640625
0 0.5796875 0.12656250000000008 0.4203125 0.12656250000000005 0.4203125 0.4671875 0.5796875 0.4671875
0 0.6484375 0.13125000000000006 0.5296875 0.13125000000000003 0.5296875 0.4890625 0.6484375 0.4890625
0 0.7953125 0.1468750000000001 0.5921875 0.1468750000000001 0.5921875 0.534375 0.7953125 0.5343750000000002
0 0.8703125 0.17968750000000008 0.75 0.17968750000000008 0.75 0.5203125000000002 0.8703125 0.5203125000000002
0 0.953125 0.17812500000000012 0.8265625 0.1781250000000001 0.8265625 0.5078125000000002 0.953125 0.5078125000000002
0 1 0.21250000000000008 0.90625 0.21250000000000008 0.90625 0.5046875000000002 1 0.5046875000000002
0 0.11093750000000006 0.4921875 6.027558464553379e-17 0.4921875 7.730582919617668e-17 0.7703125 0.11093750000000009 0.7703125
0 0.17812500000000006 0.490625 0.07187500000000006 0.490625 0.07187500000000008 0.7984375 0.1781250000000001 0.7984375
0 0.2390625000000001 0.5234375 0.13593750000000004 0.5234375 0.13593750000000007 0.8140625 0.2390625000000001 0.8140625
0 0.3390625000000001 0.5203125 0.19687500000000005 0.5203125 0.19687500000000008 0.821875 0.3390625000000001 0.821875
0 0.37968750000000007 0.528125 0.29375000000000007 0.528125 0.29375000000000007 0.8390625 0.37968750000000007 0.8390625
0 0.503125 0.490625 0.3359375000000001 0.490625 0.3359375000000001 0.8609375 0.5031250000000002 0.8609375