0 0.31875 0.17031250000000003 0.1796875 0.1703125 0.17968750000000003 0.2640625 0.31875 0.2640625
0 0.4515625 0.17343750000000005 0.3140625 0.17343750000000005 0.3140625 0.25781250000000006 0.4515625 0.2578125000000001
0 0.434375 0.27031250000000007 0.18750000000000006 0.2703125 0.18750000000000006 0.38281250000000006 0.434375 0.3828125000000001
0 0.5609375 0.2609375000000001 0.428125 0.2609375000000001 0.428125 0.3578125000000001 0.5609375 0.3578125000000001
0 0.709375 0.2578125000000001 0.553125 0.2578125000000001 0.553125 0.3578125000000001 0.709375 0.3578125000000001
0 0.4046875 0.3765625 0.19375000000000003 0.3765625 0.19375000000000003 0.4796875 0.4046875 0.4796875
0 0.5578125 0.3843750000000001 0.4015625 0.3843750000000001 0.4015625 0.4796875 0.5578125 0.4796875
0 0.6828125 0.3656250000000001 0.553125 0.3656250000000001 0.553125 0.465625 0.6828125 0.465625
0 0.8203125 0.3546875000000001 0.678125 0.3546875000000001 0.678125 0.4593750000000001 0.8203125 0.4593750000000002
0 0.4625 0.48125 0.19687500000000005 0.48125 0.19687500000000008 0.584375 0.4625 0.584375
0 0.621875 0.4765625 0.45625 0.4765625 0.45625 0.5734375 0.621875 0.5734375
0 0.04062500000000003 0.2171875 2.659779766898158e-17 0.2171875 3.15729252905177e-17 0.2984375 0.040625000000000036 0.2984375
0 0.04687500000000006 0.45625 0.0015625000000000562 0.45625 0.0015625000000000615 0.5421875 0.04687500000000007 0.5421875
0 0.057812500000000086 0.703125 0.009375000000000086 0.703125 0.00937500000000009 0.78125 0.057812500000000086 0.78125
0 0.07656250000000012 0.9484375 0.025000000000000112 0.9484375 0.025000000000000116 1 0.07656250000000013 1