0 0.33125 0.16093750000000004 0.196875 0.16093750000000004 0.19687500000000002 0.2484375 0.33125 0.2484375
0 0.4640625 0.17187500000000006 0.33125 0.17187500000000006 0.33125 0.25000000000000006 0.4640625 0.2500000000000001
0 0.4421875 0.2671875 0.2 0.2671875 0.20000000000000004 0.36718750000000006 0.4421875 0.3671875000000001
0 0.56875 0.2640625000000001 0.4390625 0.2640625000000001 0.4390625 0.3546875000000001 0.56875 0.3546875000000001
0 0.7171875 0.2671875000000001 0.565625 0.2671875000000001 0.565625 0.3609375000000001 0.7171875 0.3609375000000001
0 0.40625 0.37031250000000004 0.2000000000000001 0.3703125 0.2000000000000001 0.4640625 0.40625 0.4640625
0 0.559375 0.38750000000000007 0.4078125 0.38750000000000007 0.4078125 0.475 0.559375 0.475
0 0.6859375 0.3750000000000001 0.5609375 0.3750000000000001 0.5609375 0.4671875 0.6859375 0.4671875
0 0.821875 0.37187500000000007 0.684375 0.37187500000000007 0.684375 0.4687500000000001 0.821875 0.46875000000000017
0 0.4578125 0.4796875 0.19687500000000005 0.4796875 0.19687500000000008 0.56875 0.4578125 0.56875
0 0.61875 0.4828125 0.45625 0.4828125 0.45625 0.571875 0.61875 0.571875
0 0.051562500000000025 0.19375 0.0015625000000000235 0.19375 0.0015625000000000285 0.271875 0.051562500000000025 0.271875
0 0.04531250000000006 0.43125 0.004687500000000053 0.43125 0.004687500000000058 0.515625 0.04531250000000007 0.515625
0 0.04375000000000008 0.678125 8.304636106717989e-17 0.678125 8.773446209516586e-17 0.7546875 0.04375000000000009 0.7546875
0 0.05000000000000012 0.9265625 0.0015625000000001137 0.9265625 0.001562500000000118 0.9984375 0.050000000000000135 0.9984375