0 0.13906250000000003 0.07968750000000001 0.009375000000000012 0.0796875 0.009375000000000033 0.4203125 0.13906250000000003 0.4203125
0 0.18906250000000002 0.09687500000000002 0.128125 0.09687500000000002 0.12812500000000002 0.39375 0.18906250000000005 0.39375
0 0.25468750000000007 0.11250000000000002 0.1796875 0.1125 0.17968750000000003 0.415625 0.25468750000000007 0.415625
0 0.32343750000000004 0.13593750000000004 0.24375 0.13593750000000004 0.24375000000000005 0.4328125 0.3234375000000001 0.4328125
0 0.35937500000000006 0.09687500000000004 0.3171875 0.09687500000000004 0.31718750000000007 0.4265625 0.3593750000000001 0.4265625
0 0.4515625 0.11875000000000005 0.3515625 0.11875000000000005 0.35156250000000006 0.4359375 0.4515625 0.4359375
0 0.5 0.11562500000000005 0.4484375 0.11562500000000005 0.4484375 0.3906250000000001 0.5 0.3906250000000001
0 0.596875 0.14531250000000007 0.49375 0.14531250000000004 0.49375 0.4421875 0.596875 0.4421875
0 0.6328125 0.1062500000000001 0.5875 0.1062500000000001 0.5875 0.4359375 0.6328125 0.4359375
0 0.6953125 0.14218750000000008 0.6171875 0.14218750000000008 0.6171875 0.459375 0.6953125 0.459375
0 0.809375 0.1312500000000001 0.6859375 0.1312500000000001 0.6859375 0.4359375000000001 0.809375 0.4359375000000002
0 0.875 0.1281250000000001 0.80625 0.1281250000000001 0.80625 0.3968750000000001 0.875 0.3968750000000001
0 0.9796875 0.12968750000000012 0.8703125 0.1296875000000001 0.8703125 0.4343750000000002 0.9796875 0.4343750000000002
0 1 0.13281250000000014 0.96875 0.13281250000000014 0.96875 0.42187500000000017 1 0.42187500000000017
0 0.05937500000000008 0.509375 6.23804463315683e-17 0.509375 8.055879725641184e-17 0.80625 0.05937500000000009 0.80625
0 0.13125000000000006 0.5390625 0.05156250000000007 0.5390625 0.05156250000000009 0.85 0.1312500000000001 0.85