0 0.04062500000000001 0.023437500000000003 0.004687500000000002 0.0234375 0.004687500000000007 0.0921875 0.04062500000000001 0.0921875
0 0.184375 0.021875000000000012 0.046875 0.021875000000000006 0.04687500000000001 0.09375000000000001 0.184375 0.09375000000000003
0 0.2140625 0.018750000000000024 0.1875 0.018750000000000024 0.1875 0.10312500000000005 0.2140625 0.10312500000000005
0 0.284375 0.03437500000000003 0.2171875 0.034375000000000024 0.2171875 0.09843750000000004 0.284375 0.09843750000000004
0 0.371875 0.032812500000000036 0.284375 0.032812500000000036 0.284375 0.09687500000000004 0.371875 0.09687500000000004
0 0.4078125 0.021875000000000047 0.3703125 0.021875000000000044 0.3703125 0.09843750000000004 0.4078125 0.09843750000000004
0 0.509375 0.023437500000000056 0.409375 0.02343750000000005 0.409375 0.09687500000000006 0.509375 0.09687500000000007
0 0.55 0.028125000000000067 0.509375 0.028125000000000067 0.509375 0.10468750000000007 0.55 0.10468750000000009
0 0.6234375 0.02500000000000007 0.55 0.025000000000000067 0.55 0.10000000000000009 0.6234375 0.10000000000000009
0 0.7078125 0.03125000000000008 0.665625 0.031250000000000076 0.665625 0.10312500000000009 0.7078125 0.10312500000000009
0 0.7359375 0.020312500000000087 0.70625 0.020312500000000087 0.70625 0.10156250000000008 0.7359375 0.10156250000000008
0 0.834375 0.026562500000000093 0.7375 0.02656250000000009 0.7375 0.10781250000000009 0.834375 0.10781250000000009
0 0.9140625 0.031250000000000104 0.834375 0.0312500000000001 0.834375 0.09843750000000011 0.9140625 0.09843750000000011
0 0.99375 0.021875000000000117 0.9109375 0.02187500000000011 0.9109375 0.0953125000000001 0.99375 0.0953125000000001
0 0.03750000000000002 0.128125 0.0031250000000000154 0.128125 0.00312500000000002 0.1984375 0.03750000000000002 0.1984375
0 0.12812500000000002 0.134375 0.04375000000000001 0.134375 0.04375000000000002 0.209375 0.12812500000000004 0.209375
0 0.17968750000000003 0.1265625 0.1296875 0.1265625 0.1296875 0.203125 0.17968750000000006 0.203125
0 0.278125 0.1296875 0.178125 0.1296875 0.17812500000000003 0.2078125 0.278125 0.2078125
0 0.31875 0.12500000000000006 0.2796875 0.12500000000000006 0.2796875 0.2046875 0.31875 0.2046875
0 0.4515625 0.12187500000000004 0.3171875 0.12187500000000004 0.3171875 0.20781250000000004 0.4515625 0.2078125000000001
0 0.515625 0.12812500000000004 0.4578125 0.12812500000000004 0.4578125 0.19687500000000005 0.515625 0.19687500000000005
0 0.5484375 0.12656250000000008 0.5125 0.12656250000000005 0.5125 0.2078125000000001 0.5484375 0.2078125000000001
0 0.615625 0.12343750000000009 0.553125 0.12343750000000009 0.553125 0.1937500000000001 0.615625 0.1937500000000001
0 0.6546875 0.1312500000000001 0.615625 0.1312500000000001 0.615625 0.19687500000000008 0.6546875 0.19687500000000008
0 0.7390625 0.12656250000000008 0.653125 0.12656250000000008 0.653125 0.2078125000000001 0.7390625 0.2078125000000001
0 0.8125 0.1281250000000001 0.7390625 0.1281250000000001 0.7390625 0.2062500000000001 0.8125 0.2062500000000001
0 0.8453125 0.11875000000000009 0.8140625 0.11875000000000009 0.8140625 0.2062500000000001 0.8453125 0.2062500000000001
0 0.8796875 0.1296875000000001 0.846875 0.1296875000000001 0.846875 0.2062500000000001 0.8796875 0.2062500000000001
0 0.9875 0.13750000000000012 0.88125 0.1375000000000001 0.88125 0.20468750000000008 0.9875 0.20468750000000008
0 0.07500000000000004 0.2296875 0.006250000000000028 0.2296875 0.006250000000000033 0.3203125 0.07500000000000004 0.3203125
0 0.2000000000000001 0.446875 0.006250000000000056 0.446875 0.006250000000000063 0.5765625 0.2000000000000001 0.5765625
0 0.3187500000000001 0.4765625 0.21250000000000008 0.4765625 0.21250000000000008 0.56875 0.3187500000000001 0.56875
0 0.490625 0.48125 0.3203125000000001 0.48125 0.3203125000000001 0.5546875 0.490625 0.5546875
0 0.09531250000000008 0.6328125 0.007812500000000078 0.6328125 0.007812500000000083 0.7171875 0.09531250000000009 0.7171875
0 0.1390625000000001 0.6390625 0.09687500000000009 0.6390625 0.09687500000000009 0.721875 0.1390625000000001 0.721875
0 0.2375000000000001 0.6328125 0.14062500000000008 0.6328125 0.14062500000000008 0.7296875 0.2375000000000001 0.7296875
0 0.2765625000000001 0.640625 0.2375000000000001 0.640625 0.2375000000000001 0.709375 0.2765625000000001 0.709375
0 0.3906250000000001 0.6390625 0.27812500000000007 0.6390625 0.27812500000000007 0.7203125 0.3906250000000001 0.7203125
0 0.5 0.6375 0.3906250000000001 0.6375 0.3906250000000001 0.7109375 0.5 0.7109375
0 0.6140625 0.63125 0.5 0.63125 0.5 0.715625 0.6140625 0.715625
0 0.6765625 0.6375 0.615625 0.6375 0.615625 0.709375 0.6765625 0.709375
0 0.80625 0.6375000000000001 0.678125 0.6375 0.678125 0.7203125000000001 0.80625 0.7203125000000001
0 0.8390625 0.6437500000000002 0.803125 0.6437500000000002 0.803125 0.7171875000000002 0.8390625 0.7171875000000002
0 0.94375 0.6453125000000002 0.834375 0.6453125000000002 0.834375 0.7156250000000002 0.94375 0.7156250000000002
0 0.12343750000000009 0.740625 0.00468750000000009 0.740625 0.004687500000000095 0.8171875 0.12343750000000009 0.8171875
0 0.1687500000000001 0.7453125 0.12343750000000009 0.7453125 0.12343750000000009 0.8140625 0.1687500000000001 0.8140625
0 0.1937500000000001 0.75 0.16562500000000008 0.75 0.16562500000000008 0.8234375 0.1937500000000001 0.8234375
0 0.3078125000000001 0.7421875 0.1906250000000001 0.7421875 0.1906250000000001 0.8203125 0.3078125000000001 0.8203125
0 0.4078125000000002 0.740625 0.3031250000000001 0.740625 0.3031250000000001 0.8234375 0.4078125000000002 0.8234375
0 0.5093750000000001 0.74375 0.4046875000000002 0.74375 0.4046875000000002 0.821875 0.5093750000000001 0.821875
0 0.5718750000000001 0.74375 0.5078125000000002 0.74375 0.5078125000000002 0.821875 0.5718750000000001 0.821875
0 0.6140625000000002 0.7390625 0.5750000000000002 0.7390625 0.5750000000000002 0.8171875 0.6140625000000002 0.8171875
0 0.7000000000000002 0.7453125 0.6109375000000001 0.7453125 0.6109375000000001 0.8234375 0.7000000000000002 0.8234375
0 0.7500000000000002 0.7453125 0.6984375000000002 0.7453125 0.6984375000000002 0.815625 0.7500000000000002 0.815625
0 0.8484375 0.7390625000000002 0.7500000000000002 0.7390625000000002 0.7500000000000002 0.81875 0.8484375 0.81875
0 0.978125 0.7406250000000002 0.846875 0.7406250000000002 0.846875 0.821875 0.978125 0.821875
0 0.09687500000000011 0.846875 0.004687500000000104 0.846875 0.004687500000000108 0.9203125 0.09687500000000011 0.9203125
0 0.1343750000000001 0.8453125 0.0953125000000001 0.8453125 0.0953125000000001 0.915625 0.13437500000000013 0.915625
0 0.2578125000000001 0.853125 0.1312500000000001 0.853125 0.13125000000000012 0.9234375 0.2578125000000001 0.9234375
0 0.2953125000000001 0.8515625 0.2531250000000001 0.8515625 0.2531250000000001 0.921875 0.2953125000000001 0.921875
0 0.3156250000000001 0.8484375 0.2921875000000001 0.8484375 0.2921875000000001 0.9171875 0.3156250000000001 0.9171875
0 0.3750000000000001 0.85625 0.3140625000000001 0.85625 0.3140625000000001 0.9265625 0.3750000000000001 0.9265625
0 0.4046875000000002 0.853125 0.3781250000000001 0.853125 0.3781250000000001 0.9203125 0.4046875000000002 0.9203125
0 0.4421875000000002 0.8609375 0.4046875000000002 0.8609375 0.4046875000000002 0.9203125 0.4421875000000002 0.9203125
0 0.5203125000000002 0.85625 0.4437500000000002 0.85625 0.4437500000000002 0.9203125 0.5203125000000002 0.9203125
0 0.5406250000000001 0.846875 0.5203125000000002 0.846875 0.5203125000000002 0.925 0.5406250000000001 0.925
0 0.5781250000000002 0.846875 0.5406250000000001 0.846875 0.5406250000000001 0.91875 0.5781250000000002 0.91875
0 0.6281250000000002 0.8453125 0.5781250000000002 0.8453125 0.5781250000000002 0.9171875 0.6281250000000002 0.9171875
0 0.7765625000000002 0.85625 0.6312500000000002 0.85625 0.6312500000000002 0.915625 0.7765625000000002 0.915625