0 0.06718750000000001 0.023437500000000003 0.007812500000000003 0.0234375 0.007812500000000017 0.26875 0.06718750000000002 0.26875
0 0.16562500000000002 0.04531250000000002 0.0640625 0.04531250000000001 0.06406250000000002 0.275 0.16562500000000005 0.275
0 0.3125 0.010937500000000029 0.159375 0.01093750000000002 0.15937500000000002 0.3046875 0.3125 0.3046875
0 0.4140625 0.029687500000000044 0.3 0.029687500000000033 0.3 0.27968750000000003 0.4140625 0.2796875000000001
0 0.4671875 0.07343750000000006 0.4109375 0.07343750000000004 0.4109375 0.2484375000000001 0.4671875 0.2484375000000001
0 0.525 0.05312500000000007 0.4625 0.05312500000000007 0.4625 0.2812500000000001 0.525 0.2812500000000001
0 0.625 0.06406250000000006 0.5203125 0.06406250000000006 0.5203125 0.3046875000000001 0.625 0.3046875000000001
0 0.7640625 0.054687500000000076 0.6234375 0.05468750000000007 0.6234375 0.2843750000000001 0.7640625 0.2843750000000001
0 0.853125 0.0468750000000001 0.759375 0.04687500000000009 0.759375 0.2921875000000001 0.853125 0.2921875000000001
0 0.14687500000000006 0.3921875 4.802911665406026e-17 0.3921875 6.343287717458556e-17 0.64375 0.1468750000000001 0.64375
0 0.2250000000000001 0.3640625 0.15156250000000004 0.3640625 0.15156250000000007 0.5875 0.2250000000000001 0.5875
0 0.36406250000000007 0.34375000000000006 0.2234375 0.34375 0.22343750000000004 0.6375 0.36406250000000007 0.6375
0 0.4265625 0.36406250000000007 0.3578125000000001 0.3640625 0.3578125000000001 0.61875 0.4265625 0.61875
0 0.5375 0.3421875000000001 0.41875 0.3421875000000001 0.41875 0.625 0.5375 0.625
0 0.6765625 0.3500000000000001 0.5328125 0.3500000000000001 0.5328125 0.6171875 0.6765625 0.6171875
0 0.7390625 0.3906250000000001 0.671875 0.3906250000000001 0.671875 0.6031250000000001 0.7390625 0.6031250000000001
0 0.8203125 0.3593750000000001 0.734375 0.3593750000000001 0.734375 0.5875000000000001 0.8203125 0.5875000000000001
0 0.1671875000000001 0.70625 8.649068018978182e-17 0.70625 1.0218146730385728e-16 0.9625 0.16718750000000013 0.9625
0 0.2671875000000001 0.6984375 0.16562500000000008 0.6984375 0.1656250000000001 0.9328125 0.2671875000000001 0.9328125
0 0.34062500000000007 0.6734375 0.2593750000000001 0.6734375 0.2593750000000001 0.9765625 0.34062500000000007 0.9765625
0 0.4093750000000001 0.7015625 0.33281250000000007 0.7015625 0.33281250000000007 0.925 0.40937500000000016 0.925
0 0.4921875000000001 0.7078125 0.403125 0.7078125 0.40312500000000007 0.9359375 0.49218750000000017 0.9359375
0 0.6328125000000001 0.71875 0.4828125 0.71875 0.4828125000000001 0.959375 0.6328125000000002 0.959375
0 0.6875000000000001 0.70625 0.6296875 0.70625 0.6296875000000001 0.925 0.6875000000000002 0.925
0 0.890625 0.7015625000000001 0.6828125 0.7015625 0.6828125 0.953125 0.890625 0.953125
0 0.9671875 0.6953125000000002 0.8859375 0.6953125000000002 0.8859375 0.95 0.9671875 0.95