0 0.08750000000000001 0.065625 0.04375000000000001 0.065625 0.04375000000000002 0.196875 0.08750000000000002 0.196875
0 0.325 0.029687500000000026 0.0625 0.029687500000000012 0.06250000000000003 0.2765625 0.325 0.2765625
0 0.428125 0.06562500000000004 0.2875 0.06562500000000004 0.2875 0.28437500000000004 0.428125 0.2843750000000001
0 0.5671875 0.09218750000000006 0.3984375 0.09218750000000005 0.3984375 0.3000000000000001 0.5671875 0.3000000000000001
0 0.709375 0.12187500000000007 0.540625 0.12187500000000004 0.540625 0.2875000000000001 0.709375 0.2875000000000001
0 0.796875 0.1375000000000001 0.6921875 0.1375000000000001 0.6921875 0.3109375000000001 0.796875 0.3109375000000001
0 0.03437500000000006 0.4015625 0.004687500000000048 0.4015625 0.004687500000000057 0.5328125 0.034375000000000065 0.5328125
0 0.2468750000000001 0.378125 0.021875000000000044 0.378125 0.021875000000000058 0.5875 0.2468750000000001 0.5875
0 0.3515625000000001 0.4015625 0.21250000000000008 0.4015625 0.21250000000000008 0.6375 0.3515625000000001 0.6375
0 0.3968750000000001 0.434375 0.3218750000000001 0.434375 0.3218750000000001 0.6296875 0.3968750000000001 0.6296875
0 0.540625 0.4453125 0.3687500000000001 0.4453125 0.3687500000000001 0.65 0.540625 0.65
0 0.7 0.46875 0.509375 0.46875 0.509375 0.6984375 0.7 0.6984375
0 0.7734375 0.4906250000000001 0.6640625 0.490625 0.6640625 0.6828125 0.7734375 0.6828125000000002
0 0.85625 0.47968750000000016 0.74375 0.47968750000000016 0.74375 0.7015625000000002 0.85625 0.7015625000000002
0 0.990625 0.48750000000000016 0.825 0.48750000000000016 0.825 0.7203125000000001 0.990625 0.7203125000000001
0 0.11562500000000009 0.59375 7.271340369937409e-17 0.59375 8.668203125214859e-17 0.821875 0.11562500000000009 0.821875
0 0.22656250000000008 0.625 0.08750000000000006 0.625 0.08750000000000009 0.85 0.22656250000000008 0.85