0 0.11093750000000002 8.610797806504829e-18 0.0296875 3.6356701849687045e-18 0.029687500000000016 0.2296875 0.11093750000000005 0.2296875
0 0.20625 0.009375000000000019 0.0859375 0.009375000000000012 0.08593750000000001 0.2453125 0.20625 0.2453125
0 0.3546875 3.2529680602351567e-17 0.1765625 2.1622670047445454e-17 0.1765625 0.2875 0.3546875 0.2875
0 0.4546875 0.014062500000000047 0.31875 0.014062500000000039 0.31875 0.27187500000000003 0.4546875 0.2718750000000001
0 0.5046875 0.06718750000000005 0.4328125 0.06718750000000004 0.4328125 0.2453125000000001 0.5046875 0.2453125000000001
0 0.565625 0.05156250000000007 0.4828125 0.05156250000000007 0.4828125 0.2843750000000001 0.565625 0.2843750000000001
0 0.6625 0.06875000000000007 0.5375 0.06875000000000006 0.5375 0.3156250000000001 0.6625 0.3156250000000001
0 0.8015625 0.0671875000000001 0.6421875 0.0671875000000001 0.6421875 0.3078125000000001 0.8015625 0.3078125000000001
0 0.890625 0.0718750000000001 0.7765625 0.07187500000000009 0.7765625 0.3234375000000001 0.890625 0.3234375000000001
0 0.15781250000000008 0.35 4.286263797015736e-17 0.35 5.893612720896637e-17 0.6125 0.15781250000000008 0.6125
0 0.23906250000000004 0.334375 0.14531250000000004 0.334375 0.14531250000000007 0.5625 0.2390625000000001 0.5625
0 0.37812500000000004 0.32031250000000006 0.2125 0.3203125 0.21250000000000005 0.625 0.3781250000000001 0.625
0 0.4390625 0.35156250000000006 0.3484375 0.3515625 0.34843750000000007 0.6109375 0.4390625 0.6109375
0 0.55 0.3375000000000001 0.4078125 0.3375000000000001 0.4078125 0.628125 0.55 0.628125
0 0.6890625 0.3531250000000001 0.5234375 0.3531250000000001 0.5234375 0.63125 0.6890625 0.63125
0 0.7484375 0.4062500000000001 0.6625 0.40625 0.6625 0.6234375000000001 0.7484375 0.6234375000000002
0 0.8296875 0.37968750000000007 0.725 0.37968750000000007 0.725 0.6140625000000001 0.8296875 0.6140625000000002
0 0.1515625000000001 0.6609375 8.094149938114538e-17 0.6609375 9.749336627587133e-17 0.93125 0.15156250000000013 0.93125
0 0.2500000000000001 0.66875 0.1296875000000001 0.66875 0.12968750000000012 0.9109375 0.2500000000000001 0.9109375
0 0.32500000000000007 0.653125 0.21875000000000008 0.653125 0.21875000000000008 0.9609375 0.32500000000000007 0.9609375
0 0.3921875000000001 0.6859375 0.2968750000000001 0.6859375 0.2968750000000001 0.9140625 0.3921875000000001 0.9140625
0 0.47343750000000007 0.6984375 0.3656250000000001 0.6984375 0.3656250000000001 0.9328125 0.4734375000000002 0.9328125
0 0.6125 0.7171875 0.44375 0.7171875 0.4437500000000001 0.96875 0.6125000000000002 0.96875
0 0.6687500000000001 0.7171875 0.5921875 0.7171875 0.5921875000000001 0.9390625 0.6687500000000002 0.9390625
0 0.8703125 0.7171875000000001 0.6421875 0.7171875 0.6421875000000001 0.9859375 0.8703125 0.9859375
0 0.9484375 0.7281250000000001 0.8453125 0.7281250000000001 0.8453125 0.9890625 0.9484375 0.9890625