0 0.1453125 0.010937500000000011 0.04375 0.010937500000000006 0.04375000000000001 0.1484375 0.1453125 0.1484375
0 0.09062500000000004 0.209375 0.021875000000000026 0.209375 0.021875000000000037 0.359375 0.09062500000000004 0.359375
0 0.2609375000000001 0.378125 0.010937500000000048 0.378125 0.010937500000000057 0.540625 0.2609375000000001 0.540625
0 0.031250000000000076 0.553125 6.773827607783798e-17 0.553125 7.606204729079264e-17 0.6890625 0.03125000000000009 0.6890625
0 0.0406250000000001 0.746875 9.146580781131795e-17 0.746875 9.892849924362214e-17 0.86875 0.04062500000000011 0.86875
0 0.11718750000000008 0.75625 0.04062500000000009 0.75625 0.0406250000000001 0.8828125 0.11718750000000008 0.8828125
0 0.16406250000000008 0.7453125 0.10312500000000009 0.7453125 0.10312500000000009 0.8984375 0.16406250000000008 0.8984375
0 0.209375 0.021875000000000023 0.140625 0.021875000000000016 0.140625 0.15625000000000003 0.209375 0.15625000000000006
0 0.2375 0.009375000000000026 0.203125 0.009375000000000026 0.203125 0.16875000000000004 0.2375 0.16875000000000004
0 0.25625 0.031250000000000035 0.228125 0.031250000000000035 0.228125 0.16406250000000006 0.25625 0.16406250000000006
0 0.3140625 0.026562500000000034 0.25 0.026562500000000034 0.25 0.16406250000000006 0.3140625 0.16406250000000006
0 0.4046875 0.02968750000000004 0.3046875 0.029687500000000033 0.3046875 0.17656250000000004 0.4046875 0.17656250000000004
0 0.4484375 0.04218750000000005 0.3921875 0.042187500000000044 0.3921875 0.16406250000000006 0.4484375 0.16406250000000006
0 0.6171875 0.03593750000000007 0.4375 0.03593750000000005 0.4375 0.2000000000000001 0.6171875 0.2000000000000001
0 0.665625 0.02187500000000008 0.6078125 0.02187500000000007 0.6078125 0.1906250000000001 0.665625 0.1906250000000001
0 0.71875 0.05468750000000009 0.6546875 0.05468750000000009 0.6546875 0.18750000000000008 0.71875 0.18750000000000008
0 0.7640625 0.05625000000000009 0.7125 0.05625000000000009 0.7125 0.1906250000000001 0.7640625 0.1906250000000001
0 0.8171875 0.0578125000000001 0.753125 0.057812500000000086 0.753125 0.20468750000000008 0.8171875 0.20468750000000008
0 0.9703125 0.0656250000000001 0.8109375 0.06562500000000009 0.8109375 0.1875000000000001 0.9703125 0.18750000000000014
0 1 0.07031250000000012 0.9625 0.07031250000000011 0.9625 0.19843750000000013 1 0.19843750000000013
0 0.15312500000000004 0.21875 0.08281250000000002 0.21875 0.08281250000000004 0.328125 0.15312500000000004 0.328125
0 0.18593750000000003 0.20625 0.14687500000000003 0.20625 0.14687500000000003 0.334375 0.18593750000000003 0.334375
0 0.2640625 0.2140625 0.17656250000000004 0.2140625 0.17656250000000004 0.3390625 0.2640625 0.3390625
0 0.3359375 0.2296875 0.259375 0.2296875 0.259375 0.3390625 0.3359375 0.3390625
0 0.4109375 0.21093750000000006 0.33125 0.2109375 0.33125 0.34062500000000007 0.4109375 0.34062500000000007
0 0.475 0.2250000000000001 0.4078125 0.2250000000000001 0.4078125 0.3515625000000001 0.475 0.3515625000000001
0 0.5328125 0.24375000000000008 0.46875 0.24375000000000008 0.46875 0.35625000000000007 0.5328125 0.35625000000000007
0 0.5859375 0.23593750000000008 0.51875 0.23593750000000008 0.51875 0.3593750000000001 0.5859375 0.3593750000000001
0 0.65 0.21875000000000008 0.5765625 0.21875000000000008 0.5765625 0.36406250000000007 0.65 0.36406250000000007
0 0.675 0.2406250000000001 0.6421875 0.2406250000000001 0.6421875 0.36406250000000007 0.675 0.36406250000000007
0 0.7171875 0.24375000000000008 0.6703125 0.24375000000000008 0.6703125 0.3656250000000001 0.7171875 0.3656250000000001
0 0.7828125 0.2406250000000001 0.7109375 0.2406250000000001 0.7109375 0.36406250000000007 0.7828125 0.36406250000000007
0 0.37968750000000007 0.4 0.2578125000000001 0.4 0.2578125000000001 0.5421875 0.37968750000000007 0.5421875
0 0.515625 0.4109375 0.3734375000000001 0.4109375 0.3734375000000001 0.565625 0.515625 0.565625
0 0.603125 0.3968750000000001 0.5125 0.3968750000000001 0.5125 0.5625 0.603125 0.5625
0 0.6640625 0.4171875 0.5953125 0.4171875 0.5953125 0.5578125 0.6640625 0.5578125
0 0.6890625 0.4328125 0.6546875 0.4328125 0.6546875 0.5484375 0.6890625 0.5484375
0 0.7328125 0.4375000000000001 0.6859375 0.4375 0.6859375 0.5687500000000001 0.7328125 0.5687500000000002
0 0.8890625 0.4281250000000002 0.7265625 0.4281250000000002 0.7265625 0.5843750000000002 0.8890625 0.5843750000000002
0 0.9734375 0.4359375000000002 0.8796875 0.4359375000000002 0.8796875 0.5796875000000001 0.9734375 0.5796875000000001
0 0.09218750000000007 0.5703125 0.023437500000000073 0.5703125 0.023437500000000076 0.69375 0.09218750000000009 0.69375
0 0.12343750000000009 0.5734375 0.08437500000000006 0.5734375 0.08437500000000007 0.7046875 0.12343750000000009 0.7046875
0 0.2531250000000001 0.5765625 0.11875000000000009 0.5765625 0.11875000000000009 0.71875 0.2531250000000001 0.71875
0 0.2875000000000001 0.5984375 0.2453125000000001 0.5984375 0.2453125000000001 0.7171875 0.2875000000000001 0.7171875
0 0.3578125000000001 0.6 0.2828125000000001 0.6 0.2828125000000001 0.709375 0.3578125000000001 0.709375
0 0.4328125 0.6046875 0.3546875000000001 0.6046875 0.3546875000000001 0.7171875 0.4328125 0.7171875
0 0.4921875000000001 0.575 0.4234375 0.575 0.4234375000000001 0.7421875 0.49218750000000017 0.7421875
0 0.56875 0.603125 0.4828125 0.603125 0.4828125 0.725 0.56875 0.725
0 0.6234375000000001 0.5984375 0.55625 0.5984375 0.5562500000000001 0.73125 0.6234375000000002 0.73125
0 0.6671875 0.6078125 0.6109375 0.6078125 0.6109375 0.725 0.6671875 0.725
0 0.7296875 0.6203125 0.6546875 0.6203125 0.6546875000000001 0.7437500000000001 0.7296875000000002 0.7437500000000001
0 0.8078125 0.6250000000000001 0.7171875 0.625 0.7171875000000001 0.7359375000000001 0.8078125 0.7359375000000001
0 0.8796875 0.6328125000000002 0.7984375 0.6328125000000002 0.7984375000000001 0.7546875000000002 0.8796875 0.7546875000000002
0 0.9375 0.6265625000000001 0.86875 0.6265625000000001 0.86875 0.7765625000000002 0.9375 0.7765625000000002
0 0.2250000000000001 0.7484375 0.1546875000000001 0.7484375 0.1546875000000001 0.9046875 0.2250000000000001 0.9046875
0 0.26250000000000007 0.75625 0.2140625000000001 0.75625 0.2140625000000001 0.890625 0.26250000000000007 0.890625
0 0.3281250000000001 0.7671875 0.2515625000000001 0.7671875 0.2515625000000001 0.9234375 0.3281250000000001 0.9234375
0 0.4421875000000002 0.775 0.3203125000000001 0.775 0.3203125000000001 0.896875 0.4421875000000002 0.896875
0 0.5546875000000002 0.765625 0.4281250000000002 0.765625 0.4281250000000002 0.9140625 0.5546875000000002 0.9140625
0 0.6828125000000002 0.7796875 0.5359375000000002 0.7796875 0.5359375000000002 0.946875 0.6828125000000002 0.946875