0 0.18125000000000002 0.05000000000000001 0.012500000000000006 0.05 0.01250000000000003 0.44375 0.18125000000000005 0.44375
0 0.23593750000000005 0.07500000000000002 0.1390625 0.07500000000000002 0.13906250000000003 0.425 0.23593750000000008 0.425
0 0.2828125 0.11250000000000004 0.196875 0.11250000000000004 0.19687500000000002 0.43125 0.2828125000000001 0.43125
0 0.35781250000000003 0.11093750000000005 0.240625 0.11093750000000005 0.24062500000000003 0.49375 0.3578125000000001 0.49375
0 0.421875 0.14843750000000006 0.321875 0.14843750000000006 0.321875 0.4328125 0.421875 0.4328125
0 0.453125 0.13125000000000003 0.384375 0.13125000000000003 0.384375 0.4671875 0.453125 0.4671875
0 0.5671875 0.12968750000000007 0.41875 0.12968750000000004 0.41875 0.4671875 0.5671875 0.4671875
0 0.6359375 0.12812500000000007 0.528125 0.12812500000000004 0.528125 0.4859375 0.6359375 0.4859375
0 0.784375 0.14218750000000008 0.59375 0.14218750000000008 0.59375 0.5265625 0.784375 0.5265625000000002
0 0.859375 0.1703125000000001 0.75 0.1703125000000001 0.75 0.5093750000000001 0.859375 0.5093750000000001
0 0.9421875 0.1656250000000001 0.8265625 0.16562500000000008 0.8265625 0.4937500000000002 0.9421875 0.4937500000000002
0 1 0.1984375000000001 0.9046875 0.1984375000000001 0.9046875 0.4890625000000002 1 0.4890625000000002
0 0.11250000000000007 0.509375 6.23804463315683e-17 0.509375 7.921933981984441e-17 0.784375 0.11250000000000009 0.784375
0 0.17812500000000006 0.503125 0.08281250000000007 0.503125 0.08281250000000008 0.8109375 0.1781250000000001 0.8109375
0 0.2406250000000001 0.534375 0.14687500000000003 0.534375 0.14687500000000006 0.8234375 0.2406250000000001 0.8234375
0 0.34062500000000007 0.5296875 0.2078125000000001 0.5296875 0.2078125000000001 0.828125 0.34062500000000007 0.828125
0 0.3812500000000001 0.5328125 0.3062500000000001 0.5328125 0.3062500000000001 0.84375 0.3812500000000001 0.84375
0 0.503125 0.49375 0.3468750000000001 0.49375 0.3468750000000001 0.8625 0.5031250000000002 0.8625