0 0.1609375 0.03593750000000001 0.0375 0.0359375 0.037500000000000006 0.08750000000000001 0.1609375 0.08750000000000002
0 0.215625 0.03906250000000002 0.1609375 0.03906250000000002 0.1609375 0.08750000000000002 0.215625 0.08750000000000002
0 0.20625 0.153125 0.00468750000000002 0.153125 0.004687500000000028 0.2953125 0.20625 0.2953125
0 0.328125 0.15468750000000003 0.2015625 0.15468750000000003 0.2015625 0.2734375 0.328125 0.2734375
0 0.528125 0.15781250000000005 0.3296875 0.15781250000000005 0.3296875 0.28437500000000004 0.528125 0.2843750000000001
0 0.8796875 0.15625000000000006 0.5265625 0.15625000000000006 0.5265625 0.28593750000000007 0.8796875 0.28593750000000007
0 0.978125 0.1578125000000001 0.88125 0.15781250000000008 0.88125 0.27031250000000007 0.978125 0.27031250000000007
0 0.23125000000000004 0.3015625 0.009375000000000036 0.3015625 0.009375000000000045 0.4375 0.2312500000000001 0.4375
0 0.4859375 0.30312500000000003 0.2328125 0.303125 0.23281250000000003 0.428125 0.4859375 0.428125
0 0.615625 0.3140625000000001 0.4875 0.3140625000000001 0.4875 0.41875 0.615625 0.41875
0 0.7671875 0.30156250000000007 0.6171875 0.30156250000000007 0.6171875 0.4328125000000001 0.7671875 0.43281250000000016
0 0.2640625000000001 0.45 0.007812500000000056 0.45 0.007812500000000064 0.596875 0.2640625000000001 0.596875
0 0.3781250000000001 0.45625 0.2640625000000001 0.45625 0.2640625000000001 0.5796875 0.3781250000000001 0.5796875
0 0.7984375 0.4531250000000001 0.3812500000000001 0.453125 0.3812500000000001 0.6093750000000001 0.7984375 0.6093750000000002
0 0.3375000000000001 0.6078125 0.007812500000000075 0.6078125 0.007812500000000083 0.74375 0.3375000000000001 0.74375
0 0.16406250000000008 0.7671875 0.007812500000000094 0.7671875 0.007812500000000099 0.8359375 0.16406250000000008 0.8359375
0 0.2562500000000001 0.7625 0.1625000000000001 0.7625 0.1625000000000001 0.83125 0.2562500000000001 0.83125
0 0.42187500000000017 0.7609375 0.2562500000000001 0.7609375 0.2562500000000001 0.8296875 0.42187500000000017 0.8296875
0 0.5875000000000001 0.7609375 0.4234375000000002 0.7609375 0.4234375000000002 0.8375 0.5875000000000001 0.8375
0 0.7500000000000002 0.7515625000000001 0.5890625000000002 0.7515625 0.5890625000000002 0.8359375 0.7500000000000002 0.8359375
0 0.9546875 0.7515625000000001 0.7484375000000002 0.7515625000000001 0.7484375000000002 0.834375 0.9546875 0.834375
0 0.06562500000000011 0.8453125 0.007812500000000102 0.8453125 0.007812500000000108 0.9046875 0.06562500000000011 0.9046875
0 0.12968750000000012 0.8359375 0.06718750000000011 0.8359375 0.06718750000000011 0.9109375 0.12968750000000012 0.9109375
0 0.17812500000000012 0.8453125 0.1281250000000001 0.8453125 0.1281250000000001 0.9125 0.17812500000000014 0.9125
0 0.3218750000000001 0.8328125 0.1750000000000001 0.8328125 0.1750000000000001 0.9109375 0.3218750000000001 0.9109375
0 0.4421875000000002 0.8375 0.3234375000000001 0.8375 0.3234375000000001 0.9140625 0.4421875000000002 0.9140625
0 0.6078125000000002 0.8421875 0.4437500000000002 0.8421875 0.4437500000000002 0.915625 0.6078125000000002 0.915625