0 0.015625000000000028 0.1640625 2.0091861548511263e-17 0.1640625 2.803293063673238e-17 0.29375 0.015625000000000035 0.29375
0 0.2515625 0.10937500000000003 0.003125000000000014 0.109375 0.003125000000000028 0.340625 0.2515625 0.340625
0 0.3578125 0.10625000000000004 0.23125 0.10625000000000004 0.23125 0.31875 0.3578125 0.31875
0 0.496875 0.10625000000000004 0.340625 0.10625000000000004 0.340625 0.30625 0.496875 0.3062500000000001
0 0.640625 0.10781250000000006 0.48125 0.10781250000000005 0.48125 0.2640625000000001 0.640625 0.2640625000000001
0 0.728125 0.09531250000000008 0.634375 0.09531250000000006 0.634375 0.2640625000000001 0.728125 0.2640625000000001
0 0.03281250000000007 0.5015625 0.012500000000000061 0.5015625 0.01250000000000007 0.6328125 0.03281250000000008 0.6328125
0 0.24375000000000008 0.4609375 0.031250000000000056 0.4609375 0.03125000000000007 0.6578125 0.24375000000000008 0.6578125
0 0.3531250000000001 0.45 0.22812500000000008 0.45 0.22812500000000008 0.6796875 0.3531250000000001 0.6796875
0 0.4015625 0.465625 0.3390625000000001 0.465625 0.3390625000000001 0.6578125 0.4015625 0.6578125
0 0.5453125 0.4578125 0.3859375000000001 0.4578125 0.3859375000000001 0.6546875 0.5453125 0.6546875
0 0.7078125 0.4515625 0.53125 0.4515625 0.53125 0.6703125 0.7078125 0.6703125
0 0.78125 0.4453125000000001 0.684375 0.4453125 0.684375 0.6328125000000001 0.78125 0.6328125000000002
0 0.8609375 0.4187500000000002 0.7625 0.4187500000000002 0.7625 0.6359375000000002 0.8609375 0.6359375000000002
0 0.9953125 0.4046875000000002 0.84375 0.4046875000000002 0.84375 0.6296875000000002 0.9953125 0.6296875000000002
0 0.16250000000000012 0.6875 0.04531250000000009 0.6875 0.0453125000000001 0.909375 0.16250000000000014 0.909375
0 0.2765625000000001 0.69375 0.1515625000000001 0.69375 0.1515625000000001 0.9125 0.2765625000000001 0.9125