0 0.1125 0.043750000000000004 0.020312500000000004 0.04375 0.020312500000000015 0.175 0.1125 0.175
0 0.07187500000000004 0.2421875 0.012500000000000028 0.2421875 0.012500000000000039 0.3890625 0.07187500000000005 0.3890625
0 0.25468750000000007 0.4125 0.01406250000000005 0.4125 0.014062500000000058 0.559375 0.25468750000000007 0.559375
0 0.037500000000000075 0.5875 0.012500000000000072 0.5875 0.01250000000000008 0.721875 0.03750000000000009 0.721875
0 0.0609375000000001 0.78125 0.014062500000000094 0.78125 0.014062500000000103 0.9 0.06093750000000011 0.9
0 0.13750000000000012 0.7875 0.06875000000000009 0.7875 0.0687500000000001 0.909375 0.13750000000000012 0.909375
0 0.1828125000000001 0.771875 0.13281250000000008 0.771875 0.1328125000000001 0.921875 0.18281250000000013 0.921875
0 0.1765625 0.046875000000000014 0.1171875 0.046875000000000014 0.1171875 0.178125 0.1765625 0.178125
0 0.203125 0.029687500000000023 0.1796875 0.029687500000000023 0.17968750000000003 0.18750000000000003 0.203125 0.18750000000000006
0 0.225 0.050000000000000024 0.20625 0.050000000000000024 0.20625 0.18125000000000005 0.225 0.18125000000000005
0 0.28125 0.043750000000000025 0.2265625 0.043750000000000025 0.2265625 0.17812500000000003 0.28125 0.17812500000000003
0 0.371875 0.04375000000000004 0.28125 0.04375000000000003 0.28125 0.18437500000000004 0.371875 0.18437500000000004
0 0.4171875 0.050000000000000044 0.36875 0.050000000000000044 0.36875 0.16875000000000004 0.4171875 0.16875000000000004
0 0.584375 0.040625000000000064 0.415625 0.04062500000000006 0.415625 0.19375000000000006 0.584375 0.1937500000000001
0 0.63125 0.015625000000000076 0.584375 0.015625000000000073 0.584375 0.18125000000000008 0.63125 0.18125000000000008
0 0.6875 0.04531250000000008 0.6328125 0.045312500000000075 0.6328125 0.17343750000000008 0.6875 0.17343750000000008
0 0.7328125 0.042187500000000086 0.690625 0.042187500000000086 0.690625 0.17343750000000008 0.7328125 0.17343750000000008
0 0.7859375 0.04062500000000009 0.7328125 0.04062500000000009 0.7328125 0.1843750000000001 0.7859375 0.1843750000000001
0 0.940625 0.04375000000000011 0.7875 0.0437500000000001 0.7875 0.15468750000000012 0.940625 0.15468750000000014
0 0.96875 0.03906250000000012 0.940625 0.03906250000000011 0.940625 0.16406250000000014 0.96875 0.16406250000000014
0 0.13437500000000005 0.2484375 0.07187500000000002 0.2484375 0.07187500000000004 0.3546875 0.13437500000000005 0.3546875
0 0.16562500000000005 0.23125 0.13437500000000005 0.23125 0.13437500000000005 0.35625 0.16562500000000005 0.35625
0 0.2453125 0.2375 0.16718750000000004 0.2375 0.16718750000000004 0.35625 0.2453125 0.35625
0 0.3171875 0.2453125 0.2484375 0.2453125 0.2484375 0.3515625 0.3171875 0.3515625
0 0.390625 0.22343750000000004 0.31875 0.2234375 0.31875 0.34843750000000007 0.390625 0.34843750000000007
0 0.45625 0.2312500000000001 0.396875 0.2312500000000001 0.396875 0.3531250000000001 0.45625 0.3531250000000001
0 0.5140625 0.2453125000000001 0.4578125 0.2453125000000001 0.4578125 0.3546875000000001 0.5140625 0.3546875000000001
0 0.5671875 0.23437500000000008 0.5078125 0.23437500000000008 0.5078125 0.3531250000000001 0.5671875 0.3531250000000001
0 0.63125 0.2140625000000001 0.5671875 0.2140625000000001 0.5671875 0.3546875000000001 0.63125 0.3546875000000001
0 0.65625 0.2312500000000001 0.63125 0.2312500000000001 0.63125 0.3531250000000001 0.65625 0.3531250000000001
0 0.6984375 0.2312500000000001 0.659375 0.2312500000000001 0.659375 0.3500000000000001 0.6984375 0.3500000000000001
0 0.7640625 0.22656250000000008 0.7 0.22656250000000008 0.7 0.3453125000000001 0.7640625 0.3453125000000001
0 0.3734375000000001 0.415625 0.2609375000000001 0.415625 0.2609375000000001 0.55 0.3734375000000001 0.55
0 0.5109375 0.41875 0.3781250000000001 0.41875 0.3781250000000001 0.565625 0.5109375 0.565625
0 0.5953125 0.39531250000000007 0.515625 0.39531250000000007 0.515625 0.55625 0.5953125 0.55625
0 0.6578125 0.409375 0.5984375 0.409375 0.5984375 0.546875 0.6578125 0.546875
0 0.684375 0.421875 0.659375 0.421875 0.659375 0.5359375 0.684375 0.5359375
0 0.728125 0.4250000000000001 0.690625 0.425 0.690625 0.5531250000000001 0.728125 0.5531250000000002
0 0.884375 0.4125000000000002 0.73125 0.4125000000000002 0.73125 0.5593750000000002 0.884375 0.5593750000000002
0 0.9671875 0.40937500000000016 0.8828125 0.40937500000000016 0.8828125 0.5468750000000002 0.9671875 0.5468750000000002
0 0.09843750000000008 0.603125 0.039062500000000076 0.603125 0.03906250000000008 0.721875 0.0984375000000001 0.721875
0 0.1312500000000001 0.603125 0.10000000000000009 0.603125 0.10000000000000009 0.73125 0.1312500000000001 0.73125
0 0.2593750000000001 0.603125 0.13437500000000008 0.603125 0.13437500000000008 0.7375 0.2593750000000001 0.7375
0 0.2953125000000001 0.6140625 0.2609375000000001 0.6140625 0.2609375000000001 0.73125 0.2953125000000001 0.73125
0 0.3656250000000001 0.6140625 0.2984375000000001 0.6140625 0.2984375000000001 0.7203125 0.3656250000000001 0.7203125
0 0.440625 0.6140625 0.3703125000000001 0.6140625 0.3703125000000001 0.7234375 0.440625 0.7234375
0 0.49687500000000007 0.5796875 0.440625 0.5796875 0.4406250000000001 0.74375 0.4968750000000002 0.74375
0 0.575 0.603125 0.496875 0.603125 0.496875 0.7203125 0.575 0.7203125
0 0.6296875 0.59375 0.571875 0.59375 0.571875 0.721875 0.6296875 0.721875
0 0.6734375 0.6 0.625 0.6 0.625 0.7140625 0.6734375 0.7140625
0 0.7375 0.6093750000000001 0.6703125 0.609375 0.6703125000000001 0.7281250000000001 0.7375000000000002 0.7281250000000001
0 0.815625 0.6078125000000002 0.73125 0.6078125000000002 0.73125 0.7140625000000002 0.815625 0.7140625000000002
0 0.8875 0.6109375000000001 0.815625 0.6109375000000001 0.815625 0.7281250000000001 0.8875 0.7281250000000001
0 0.9453125 0.6000000000000002 0.8859375 0.6000000000000002 0.8859375 0.7468750000000002 0.9453125 0.7468750000000002
0 0.24218750000000008 0.771875 0.1828125000000001 0.771875 0.1828125000000001 0.925 0.24218750000000008 0.925
0 0.2812500000000001 0.775 0.2406250000000001 0.775 0.2406250000000001 0.90625 0.2812500000000001 0.90625
0 0.3468750000000001 0.7828125 0.2812500000000001 0.7828125 0.2812500000000001 0.9359375 0.3468750000000001 0.9359375
0 0.46093750000000017 0.7875 0.3468750000000001 0.7875 0.3468750000000001 0.9015625 0.46093750000000017 0.9015625
0 0.5734375000000002 0.76875 0.45625000000000016 0.76875 0.45625000000000016 0.909375 0.5734375000000002 0.909375
0 0.7015625000000002 0.775 0.5656250000000002 0.775 0.5656250000000002 0.9328125 0.7015625000000002 0.9328125