0 0.1125 0.08125000000000002 9.950255243072244e-18 0.08125 1.3968627552774498e-17 0.146875 0.1125 0.146875
0 0.1671875 0.07812500000000003 0.1078125 0.07812500000000003 0.1078125 0.1328125 0.1671875 0.1328125
0 0.18281250000000004 0.19062500000000002 2.3344829608746423e-17 0.190625 3.348643591418544e-17 0.35625 0.18281250000000004 0.35625
0 0.303125 0.17812500000000003 0.1625 0.178125 0.16250000000000003 0.3125 0.303125 0.3125
0 0.5015625 0.15625000000000006 0.290625 0.15625000000000006 0.290625 0.30625 0.5015625 0.3062500000000001
0 0.8515625 0.11250000000000007 0.484375 0.11250000000000004 0.484375 0.2843750000000001 0.8515625 0.2843750000000001
0 0.946875 0.10156250000000011 0.8375 0.10156250000000008 0.8375 0.2250000000000001 0.946875 0.2250000000000001
0 0.22500000000000003 0.3359375 4.11404784088564e-17 0.3359375 5.099505812074526e-17 0.496875 0.2250000000000001 0.496875
0 0.478125 0.30625 0.2109375 0.30625 0.21093750000000006 0.4609375 0.478125 0.4609375
0 0.6046875 0.30156250000000007 0.4640625 0.30156250000000007 0.4640625 0.4203125 0.6046875 0.4203125
0 0.75625 0.27031250000000007 0.590625 0.27031250000000007 0.590625 0.41875000000000007 0.75625 0.4187500000000002
0 0.2765625000000001 0.4796875 0.004687500000000058 0.4796875 0.004687500000000069 0.65625 0.2765625000000001 0.65625
0 0.3890625000000001 0.471875 0.2609375000000001 0.471875 0.2609375000000001 0.6078125 0.3890625000000001 0.6078125
0 0.809375 0.41875000000000007 0.3765625000000001 0.41875 0.3765625000000001 0.6234375000000001 0.809375 0.6234375000000002
0 0.3703125000000001 0.6265625 0.025000000000000078 0.6265625 0.025000000000000088 0.803125 0.3703125000000001 0.803125
0 0.2078125000000001 0.80625 0.0437500000000001 0.80625 0.04375000000000011 0.89375 0.2078125000000001 0.89375
0 0.2984375000000001 0.7921875 0.19687500000000008 0.7921875 0.19687500000000008 0.8703125 0.2984375000000001 0.8703125
0 0.46406250000000016 0.76875 0.2906250000000001 0.76875 0.2906250000000001 0.85625 0.46406250000000016 0.85625
0 0.6281250000000002 0.7484375 0.45625000000000016 0.7484375 0.45625000000000016 0.84375 0.6281250000000002 0.84375
0 0.7890625000000001 0.7187500000000001 0.61875 0.71875 0.6187500000000001 0.8234375 0.7890625000000002 0.8234375
0 0.9921875 0.6937500000000002 0.7765625 0.6937500000000002 0.7765625 0.8015625 0.9921875 0.8015625
0 0.1187500000000001 0.8953125 0.05468750000000011 0.8953125 0.05468750000000011 0.9609375 0.11875000000000013 0.9609375
0 0.1828125000000001 0.878125 0.11093750000000009 0.878125 0.1109375000000001 0.9609375 0.18281250000000013 0.9609375
0 0.2312500000000001 0.88125 0.17187500000000008 0.88125 0.1718750000000001 0.9546875 0.2312500000000001 0.9546875
0 0.3734375000000001 0.853125 0.21875000000000008 0.853125 0.21875000000000008 0.9484375 0.3734375000000001 0.9484375
0 0.49218750000000017 0.8421875 0.3656250000000001 0.8421875 0.3656250000000001 0.9328125 0.49218750000000017 0.9328125
0 0.6578125000000001 0.8265625 0.4859375000000002 0.8265625 0.4859375000000002 0.91875 0.6578125000000001 0.91875