0 0.30625 0.18125000000000002 0.1625 0.18125 0.16250000000000003 0.28125 0.30625 0.28125
0 0.4390625 0.17656250000000004 0.2984375 0.17656250000000004 0.2984375 0.26875000000000004 0.4390625 0.2687500000000001
0 0.428125 0.275 0.17656250000000004 0.275 0.17656250000000004 0.4 0.428125 0.4
0 0.553125 0.2578125000000001 0.415625 0.2578125000000001 0.415625 0.3609375000000001 0.553125 0.3609375000000001
0 0.7015625 0.2468750000000001 0.540625 0.2468750000000001 0.540625 0.3546875000000001 0.7015625 0.3546875000000001
0 0.403125 0.38125000000000003 0.18750000000000006 0.38125 0.18750000000000006 0.4953125 0.403125 0.4953125
0 0.5578125 0.3828125000000001 0.3968750000000001 0.3828125000000001 0.3968750000000001 0.4859375 0.5578125 0.4859375
0 0.68125 0.35625000000000007 0.546875 0.35625000000000007 0.546875 0.4625 0.68125 0.4625
0 0.8171875 0.3390625000000001 0.6703125 0.3390625000000001 0.6703125 0.45000000000000007 0.8171875 0.4500000000000002
0 0.465625 0.484375 0.19687500000000005 0.484375 0.19687500000000008 0.6 0.465625 0.6
0 0.625 0.4703125 0.4546875 0.4703125 0.4546875 0.5765625 0.625 0.5765625
0 0.03125000000000004 0.2421875 2.9659414666849956e-17 0.2421875 3.473021781956947e-17 0.325 0.03125000000000004 0.325
0 0.050000000000000065 0.4796875 0.001562500000000059 0.4796875 0.0015625000000000643 0.5671875 0.050000000000000065 0.5671875
0 0.07343750000000009 0.725 0.02187500000000009 0.725 0.021875000000000096 0.80625 0.07343750000000009 0.80625
0 0.10312500000000013 0.9703125 0.04843750000000012 0.9703125 0.04843750000000012 1 0.10312500000000013 1