0 0.09843750000000002 0.09531250000000001 1.1672414804373211e-17 0.0953125 2.076159026679497e-17 0.24375 0.09843750000000002 0.24375
0 0.30625 0.06875000000000002 0.08125 0.06875 0.08125000000000002 0.265625 0.30625 0.265625
0 0.4484375 0.03906250000000004 0.2765625 0.039062500000000035 0.2765625 0.22500000000000003 0.4484375 0.2250000000000001
0 0.575 0.02500000000000006 0.4234375 0.025000000000000057 0.4234375 0.2140625000000001 0.575 0.2140625000000001
0 0.8171875 8.362041425428021e-17 0.5484375 6.716422289073765e-17 0.5484375 0.17968750000000008 0.8171875 0.17968750000000008
0 0.9125 1.0438200452107518e-16 0.7921875 9.701498861995439e-17 0.7921875 0.1578125000000001 0.9125 0.15781250000000013
0 0.16250000000000003 0.2734375 0.006250000000000033 0.2734375 0.006250000000000047 0.5015625 0.16250000000000003 0.5015625
0 0.21093750000000006 0.2921875 0.13281250000000006 0.2921875 0.13281250000000006 0.45 0.21093750000000008 0.45
0 0.28750000000000003 0.28125 0.19062500000000004 0.28125 0.19062500000000004 0.4328125 0.2875000000000001 0.4328125
0 0.33593750000000006 0.2875 0.26875 0.2875 0.26875000000000004 0.434375 0.3359375000000001 0.434375
0 0.4765625 0.2515625 0.3125 0.2515625 0.31250000000000006 0.440625 0.4765625 0.440625
0 0.5078125 0.2531250000000001 0.45 0.2531250000000001 0.45 0.3984375000000001 0.5078125 0.3984375000000001
0 0.578125 0.2531250000000001 0.4921875 0.2531250000000001 0.4921875 0.4 0.578125 0.4
0 0.7 0.2234375000000001 0.55625 0.2234375000000001 0.55625 0.409375 0.7 0.409375
0 0.9015625 0.1984375000000001 0.678125 0.1984375000000001 0.678125 0.37968750000000007 0.9015625 0.37968750000000007
0 0.06562500000000009 0.6359375 0.025000000000000078 0.6359375 0.025000000000000085 0.759375 0.06562500000000009 0.759375
0 0.22031250000000008 0.5984375 0.05312500000000007 0.5984375 0.053125000000000075 0.775 0.22031250000000008 0.775
0 0.4359375000000001 0.565625 0.1984375000000001 0.565625 0.1984375000000001 0.7515625 0.4359375000000002 0.7515625
0 0.5921875000000001 0.5453125 0.4109375 0.5453125 0.41093750000000007 0.7265625 0.5921875000000002 0.7265625
0 0.73125 0.5203125000000001 0.56875 0.5203125 0.56875 0.7078125000000001 0.73125 0.7078125000000002
0 0.83125 0.5000000000000001 0.70625 0.5 0.70625 0.6890625000000001 0.83125 0.6890625000000001
0 0.8765625 0.5062500000000002 0.809375 0.5062500000000002 0.809375 0.6734375000000001 0.8765625 0.6734375000000001
0 0.9890625 0.4968750000000002 0.8546875 0.4968750000000002 0.8546875 0.6687500000000002 0.9890625 0.6687500000000002
0 0.2062500000000001 0.8140625 0.08125000000000009 0.8140625 0.0812500000000001 0.984375 0.2062500000000001 0.984375
0 0.2515625000000001 0.8109375 0.1843750000000001 0.8109375 0.18437500000000012 1 0.2515625000000001 1
0 0.4812500000000002 0.7734375 0.2218750000000001 0.7734375 0.2218750000000001 0.978125 0.4812500000000002 0.978125
0 0.5750000000000002 0.7671875 0.45625000000000016 0.7671875 0.45625000000000016 0.9578125 0.5750000000000002 0.9578125