0 0.025000000000000022 0.0921875 1.1289712679639661e-17 0.0921875 2.171834557862884e-17 0.2625 0.025000000000000033 0.2625
0 0.08750000000000001 0.0671875 0.0046875000000000085 0.0671875 0.00468750000000002 0.2453125 0.08750000000000002 0.2453125
0 0.12187500000000002 0.084375 0.0671875 0.084375 0.06718750000000001 0.246875 0.12187500000000004 0.246875
0 0.17500000000000002 0.06093750000000002 0.1 0.06093750000000002 0.10000000000000002 0.234375 0.17500000000000004 0.234375
0 0.265625 0.050000000000000024 0.153125 0.050000000000000024 0.153125 0.2453125 0.265625 0.2453125
0 0.303125 0.05156250000000003 0.24375 0.051562500000000025 0.24375 0.215625 0.303125 0.215625
0 0.334375 0.026562500000000037 0.278125 0.026562500000000034 0.278125 0.2203125 0.334375 0.2203125
0 0.4515625 0.043750000000000046 0.3140625 0.04375000000000003 0.3140625 0.23281250000000003 0.4515625 0.2328125000000001
0 0.5640625 0.014062500000000058 0.4265625 0.01406250000000005 0.4265625 0.19531250000000006 0.5640625 0.19531250000000008
0 0.6734375 7.395718560475812e-17 0.534375 6.544206332943669e-17 0.534375 0.18281250000000007 0.6734375 0.1828125000000001
0 0.7 8.247230788007957e-17 0.646875 7.921933981984441e-17 0.646875 0.15781250000000008 0.7 0.15781250000000008
0 0.790625 8.983932378120038e-17 0.6765625 8.285501000481311e-17 0.6765625 0.16406250000000008 0.790625 0.16406250000000008
0 0.9453125 1.0486038217699212e-16 0.7671875 9.3953371622086e-17 0.7671875 0.15468750000000012 0.9453125 0.15468750000000014
0 0.07187500000000005 0.3234375 3.9609669909922206e-17 0.3234375 5.1186409183112024e-17 0.5125 0.07187500000000006 0.5125
0 0.18750000000000006 0.303125 0.050000000000000044 0.303125 0.05000000000000006 0.484375 0.18750000000000006 0.484375
0 0.12031250000000011 0.7875 0.0484375000000001 0.7875 0.04843750000000011 0.9640625 0.12031250000000013 0.9640625
0 0.2062500000000001 0.796875 0.10781250000000009 0.796875 0.10781250000000012 0.959375 0.2062500000000001 0.959375