0 0.03281250000000002 0.13125 0.006250000000000017 0.13125 0.006250000000000024 0.259375 0.032812500000000036 0.259375
0 0.265625 0.0921875 0.031250000000000014 0.0921875 0.03125000000000002 0.3078125 0.265625 0.3078125
0 0.3703125 0.09531250000000004 0.2578125 0.09531250000000002 0.2578125 0.30000000000000004 0.3703125 0.3000000000000001
0 0.5125 0.10625000000000004 0.36875 0.10625000000000004 0.36875 0.2953125000000001 0.5125 0.2953125000000001
0 0.6578125 0.11718750000000007 0.5078125 0.11718750000000004 0.5078125 0.26250000000000007 0.6578125 0.26250000000000007
0 0.7453125 0.11093750000000009 0.6625 0.11093750000000009 0.6625 0.2750000000000001 0.7453125 0.2750000000000001
0 0.025000000000000067 0.46875 0.014062500000000056 0.46875 0.014062500000000065 0.6 0.025000000000000078 0.6
0 0.23437500000000008 0.4421875 0.03437500000000006 0.4421875 0.034375000000000065 0.625 0.23437500000000008 0.625
0 0.3421875000000001 0.4390625 0.2328125000000001 0.4390625 0.2328125000000001 0.6609375 0.3421875000000001 0.6609375
0 0.3906250000000001 0.45625 0.34062500000000007 0.45625 0.34062500000000007 0.646875 0.3906250000000001 0.646875
0 0.534375 0.4609375 0.38750000000000007 0.4609375 0.38750000000000007 0.646875 0.534375 0.646875
0 0.696875 0.4640625 0.534375 0.4640625 0.534375 0.671875 0.696875 0.671875
0 0.771875 0.4640625000000001 0.6875 0.4640625 0.6875 0.6468750000000001 0.771875 0.6468750000000002
0 0.85 0.4421875000000002 0.7671875 0.4421875000000002 0.7671875 0.6546875000000002 0.85 0.6546875000000002
0 0.9859375 0.4390625000000002 0.8484375 0.4390625000000002 0.8484375 0.6546875000000002 0.9859375 0.6546875000000002
0 0.13437500000000008 0.6625 0.03281250000000008 0.6625 0.03281250000000009 0.878125 0.13437500000000008 0.878125
0 0.2484375000000001 0.6765625 0.1375000000000001 0.6765625 0.1375000000000001 0.8875 0.2484375000000001 0.8875